NUMBER_OF_DIMENSION 20
ATOM_TYPE Mg
NUMBER_OF_CLUSTER 2
WEIGHT 0.003945177191287185
DETERMINANT 7.895017600272953e-115
ESPERANCE 0.016532883215421894 0.011657972924113824 0.004602558431003076 0.00619364890542476 0.0012723020655891237 0.006437006045971789 0.0015587065123962099 0.022600787541446992 0.0022147931639050784 0.009298669044666169 0.0020599428584134995 0.028631707640131957 0.0024780109288336286 0.020178462774126053 0.0030511810806231323 0.032787097414273776 0.0033072869457485107 0.025293466498021496 0.00407134537783816 0.049216643918706046
INVERSE OF COVARIANT MATRIX
113041.46799030053 -140968.85699321734 -70606.46499400401 -5418.818038090494 -24282.92786076342 -21850.641936723536 -10943.84931524958 2351.6776567025463 47772.73502321796 33600.60836973888 18296.719919571246 16350.19238842201 22580.82417348715 -2617.1966290134324 27941.483282594032 -38103.39695724843 27125.274749564407 14007.113045996972 -29360.537324617348 -12480.238637406681 
-140968.85699321728 346984.08531830396 -115900.82749921035 54117.57187124749 7735.914917531842 -2516.5434781001973 4584.73941151471 -12032.296961812584 -27888.197590575804 -24962.62913785821 16942.825865301078 -66680.66728727972 22488.6121592924 31992.93245211274 23848.70758937862 24463.92934197122 -34956.84991353298 -50067.82679220181 -8747.934714300367 83407.83713651428 
-70606.46499400413 -115900.82749921008 748680.6591735262 -44000.00315498083 7220.272267762652 -655.7416066742657 2838.1272426826167 -22845.36076506425 -50458.07064380081 -54868.9932163958 -5704.8770930913 -112650.61620416009 -33820.592441524714 -29141.903454698542 -42145.58833015037 101904.73243716995 -97086.41754468344 23501.94812022475 -60529.88536509783 -31524.634920600834 
-5418.818038090468 54117.571871247455 -44000.003154980855 722494.616387674 -21820.023872291484 -24342.523229566923 213.3590577869292 -60362.604838033425 -5319.855017000757 -34605.31163278375 -10608.753857384721 -75912.02273144045 -18403.690445210483 -69128.07318218572 -7752.404131017458 20015.471141743277 55.59709514087392 -1353.3356535766438 19148.00864226073 -2732.8597291544097 
-24282.92786076342 7735.914917531827 7220.272267762639 -21820.023872291487 933361.6606746559 2967.6936959527625 3789.4522592963153 -4911.9792630302045 9724.896632373879 1947.426344291439 -4923.8970642016175 -10796.593835069236 -19268.57613505164 -6680.18952503001 6966.75822793477 -5127.821192706048 -843.280299096042 12947.798011611838 -4412.098504262222 16122.59817719432 
-21850.64193672354 -2516.5434781001677 -655.7416066742967 -24342.52322956692 2967.693695952759 837114.0896657193 3931.616769761472 54408.56598175808 -6908.104487796983 11720.375779246973 -1643.8948320108166 -6170.669856083461 1970.181539532974 16899.876563611087 3376.5589410974667 15055.157897867213 -16876.886751255053 -45839.61718933399 -15999.718105813785 7316.624833583142 
-10943.849315249576 4584.73941151471 2838.1272426825844 213.35905778692754 3789.4522592963135 3931.616769761473 936993.5205607859 -17242.717425376803 -6421.953641720527 -4401.588052666274 -3472.893831271831 -733.1472234143773 11773.697866166012 -5767.96090281937 -16895.021149307613 5780.110387370736 -2163.7661774452126 -2240.623305393477 -14559.156606398165 5955.844390273075 
2351.6776567024617 -12032.296961812368 -22845.360765064204 -60362.60483803332 -4911.979263030209 54408.565981758045 -17242.717425376784 695047.0369749818 2664.8176826043214 -83584.85761213704 -4878.995296466105 -143271.58646248907 11422.401283493557 -107140.36418999424 -14940.254482819913 -21465.140940185836 5474.780894909315 -41058.644888884206 9113.457785135017 -78286.71678476213 
47772.73502321793 -27888.197590575783 -50458.07064380071 -5319.855017000766 9724.896632373888 -6908.104487796983 -6421.953641720524 2664.8176826043305 874199.7458512806 -30382.671916354822 -13829.646948516433 -29925.312537076556 -37452.64884411296 -19467.11403640568 -33007.802281897355 37364.85653150159 -95219.11622734167 33375.48959734582 -17143.597295072846 -5263.105462937147 
33600.608369738875 -24962.629137858177 -54868.99321639584 -34605.311632783734 1947.426344291456 11720.375779246979 -4401.588052666276 -83584.85761213716 -30382.671916354833 756971.9140684953 -17191.06808928229 -76134.40312421297 -28561.704455532636 -112051.97799671318 -55989.59352798214 30413.199075308767 -62637.880622021876 2468.901615539785 4144.244599077656 95513.26800489174 
18296.71991957126 16942.825865301078 -5704.87709309133 -10608.753857384738 -4923.897064201616 -1643.8948320108145 -3472.893831271833 -4878.995296466135 -13829.646948516429 -17191.068089282293 930948.0366032029 -12523.117427562274 -30868.395915382454 -17842.493988151356 -48017.24248410032 23709.84486374151 -29645.94165443721 7706.367058520901 -37369.65744070569 16218.338525435298 
16350.192388422049 -66680.66728727991 -112650.61620416002 -75912.02273144056 -10796.593835069261 -6170.669856083425 -733.1472234144047 -143271.5864624885 -29925.312537076505 -76134.40312421303 -12523.117427562305 587859.73539926 -24419.84356404697 -116880.57511243351 -18197.497988215426 -5529.386508418899 -53387.562565339176 7376.83026122048 -27317.570951402264 -147876.20856829322 
22580.824173487174 22488.61215929239 -33820.59244152473 -18403.690445210475 -19268.576135051648 1970.181539532961 11773.697866166014 11422.401283493435 -37452.64884411298 -28561.704455532657 -30868.395915382443 -24419.843564046958 868514.0054767883 -17552.03957581379 -59849.481812457074 26244.635938056355 -67395.6070332695 10828.039524403928 -60128.02316806232 15825.608313929908 
-2617.196629013448 31992.932452112742 -29141.90345469851 -69128.07318218566 -6680.189525030011 16899.876563611073 -5767.960902819367 -107140.36418999438 -19467.11403640568 -112051.97799671316 -17842.49398815135 -116880.57511243345 -17552.03957581381 706480.3292144029 -9112.093798768006 -13357.186893839915 -34218.33616136027 42105.610878815045 27.35750824753532 -25432.351540897445 
27941.483282594032 23848.707589378628 -42145.588330150444 -7752.404131017454 6966.7582279347735 3376.558941097466 -16895.021149307606 -14940.254482819915 -33007.80228189736 -55989.5935279821 -48017.24248410032 -18197.497988215393 -59849.48181245709 -9112.093798768037 793279.3159525701 61560.32340303205 -89069.13826622583 32965.17984209456 -95606.22860737392 31380.173470519876 
-38103.39695724849 24463.92934197141 101904.73243717002 20015.471141743303 -5127.821192706018 15055.157897867253 5780.110387370761 -21465.14094018583 37364.856531501595 30413.19907530894 23709.84486374155 -5529.386508419346 26244.63593805642 -13357.186893839997 61560.323403032104 593464.6070176079 75831.43149810469 -40642.09007003222 39531.257297831384 -154053.08843017198 
27125.274749564443 -34956.849913533035 -97086.4175446835 55.59709514090509 -843.2802990960475 -16876.886751255057 -2163.766177445206 5474.780894909211 -95219.11622734163 -62637.88062202183 -29645.941654437214 -53387.56256533917 -67395.60703326947 -34218.33616136024 -89069.13826622588 75831.43149810468 764218.1217365465 27149.294702996445 -89859.49511486021 15827.661123918622 
14007.113045996939 -50067.826792201784 23501.948120224843 -1353.3356535766143 12947.798011611825 -45839.61718933397 -2240.6233053934784 -41058.64488888415 33375.489597345826 2468.901615539809 7706.367058520893 7376.830261220434 10828.039524403915 42105.61087881508 32965.179842094556 -40642.090070032 27149.294702996434 601128.4660800726 42862.98069890729 -47729.977302082814 
-29360.537324617388 -8747.93471430033 -60529.885365097725 19148.008642260724 -4412.098504262209 -15999.718105813801 -14559.156606398172 9113.457785135022 -17143.597295072876 4144.24459907764 -37369.6574407057 -27317.570951402286 -60128.02316806233 27.357508247504484 -95606.22860737395 39531.257297831275 -89859.49511486027 42862.98069890729 746752.0838130227 11705.437808278835 
-12480.238637406683 83407.83713651435 -31524.63492060111 -2732.859729154428 16122.598177194328 7316.624833583131 5955.844390273069 -78286.71678476226 -5263.105462937179 95513.26800489164 16218.338525435278 -147876.20856829287 15825.608313929859 -25432.351540897416 31380.17347051982 -154053.0884301723 15827.661123918613 -47729.977302082705 11705.437808278803 183486.07013283842 
WEIGHT 0.3524205534663439
DETERMINANT 6.999435594767746e-116
ESPERANCE 0.0016588408513601247 0.0045200439904333 0.0010241974138190534 0.006399678520913097 0.000905081486635068 0.0066763793702882684 0.0010859090540199438 0.022016413486539283 0.001515218577831238 0.008940727814875305 0.0016415819051660335 0.027835923556470177 0.001944706042214748 0.019442888086829375 0.0024874965672408884 0.032588251979504955 0.0026089454815429996 0.025822604941274595 0.002950347906545593 0.050429873308806744
INVERSE OF COVARIANT MATRIX
570302.6086447533 3945.375079574921 -53425.867773185135 14867.973031035843 -31326.230469064143 11298.8442197259 -13294.497293164097 -30024.65111510367 -26459.300130835276 -3130.7676888346086 -26845.17512531921 -29279.48650016189 -30921.26527527789 -13528.026835982966 -9729.633021827258 -8725.337629844085 -1870.451317186502 14559.412258991675 -38250.57155957935 58789.76447209704 
3945.3750795748606 461471.8245151755 10313.846997395998 -34929.185015670526 -2778.491154494437 -59033.673539754076 5422.991907360445 35722.07004797865 15250.296379552014 -76871.08576859116 13468.668670262015 47710.652206047416 6916.832492855498 -25227.976523769965 11522.851304763573 -65084.16787996621 -533.612793517111 -93187.62710116386 -9243.48503031198 29706.23568180444 
-53425.867773185055 10313.846997395993 908851.5160211502 10002.666139262397 -15354.746794374503 7121.171448558578 -12130.834398991306 -14437.142601212427 -23276.094030713724 8366.91886573559 -29919.820754715904 -6994.697569910035 -19019.830968686118 -14222.712876297424 -17125.628878025967 -10327.597243622764 -11509.640807887268 9029.240221983471 -42051.79825350027 19459.027371435055 
14867.973031036117 -34929.18501567054 10002.666139262417 722787.2400014601 4583.249757127794 -27501.79407350512 4177.099188166357 -55836.83486907136 -5118.134163237469 -33171.095144395505 -5273.853058444259 -77615.25626872723 2720.704051993983 -107623.40681176621 6406.611586925307 -38945.63806313285 13410.178449633922 -30285.850847145197 13043.676229621247 6779.4471582461365 
-31326.23046906409 -2778.4911544944443 -15354.746794374501 4583.249757127766 947708.4006447116 2923.9290616316794 -12200.684796561269 -11386.832286247978 -4452.3785449494735 -6789.221889700118 -10224.169792825403 -15086.432759108677 -19089.898529525854 6813.021348315851 -12352.802913258054 7839.226905868694 -27475.234316406943 12330.089308644736 -42479.89808255798 16361.51240052664 
11298.844219725952 -59033.673539754076 7121.171448558565 -27501.794073505025 2923.9290616316794 805240.3799608657 13577.815943498184 78106.09026414792 31263.69093779365 -39226.40040974682 27934.696699287288 8907.880221546233 18283.91984050315 -5563.5872716607455 33811.34436084462 11450.09928715358 11082.257214760955 -75239.56254060681 -16154.903657123925 -22378.844067081704 
-13294.497293164122 5422.9919073604515 -12130.834398991296 4177.09918816634 -12200.684796561269 13577.815943498179 944860.3390344745 -2457.8240701216773 -33271.423726912566 -4489.000271972926 -33266.98832027425 6429.845569532803 -37263.35687968255 -6527.334664847873 -50428.30754875927 -2272.635679753729 -35527.8924022039 -1058.2683904149583 -27051.255392107436 7113.603447457883 
-30024.651115103417 35722.070047978545 -14437.142601212465 -55836.83486907094 -11386.832286247956 78106.09026414792 -2457.824070121692 630685.8190813961 1048.6697316925854 -54405.03264526317 -6093.379891169323 -204459.64289829967 3928.748430822452 -103180.79470254971 20070.604265115133 -38770.94147146929 22736.095752797934 27965.19970462892 5970.179186551432 -41031.95342847207 
-26459.300130835374 15250.29637955203 -23276.094030713717 -5118.134163237492 -4452.378544949481 31263.69093779365 -33271.423726912595 1048.6697316926468 868472.4068277512 16026.581737701024 -81999.46222023795 31247.33724455561 -62124.00399527401 -52396.78895426245 -93826.29585681272 -31951.04131373444 -53968.27303034788 -2399.576194865664 -35327.6005015643 5909.334585097389 
-3130.7676888347437 -76871.08576859118 8366.918865735595 -33171.09514439561 -6789.221889700125 -39226.40040974681 -4489.00027197292 -54405.03264526312 16026.58173770102 697247.3728587843 6440.710412231049 -13121.429275117864 -5095.216958244308 -105068.01904603728 2010.6933612824885 -16726.105085344425 -20795.707550194355 -129824.68818275744 -38196.59946471107 56179.36359106554 
-26845.175125319307 13468.668670262014 -29919.820754715893 -5273.853058444224 -10224.16979282541 27934.69669928729 -33266.98832027425 -6093.379891169304 -81999.46222023797 6440.710412231036 866045.966879824 20115.366226179893 -64803.15976160657 -45483.38825800412 -92494.80610929523 -32483.770850771652 -59308.25843062247 1102.183548534889 -59167.58526143255 10818.66694410315 
-29279.48650016283 47710.65220604755 -6994.697569909934 -77615.25626872733 -15086.432759108686 8907.880221546158 6429.845569532839 -204459.6428982994 31247.33724455564 -13121.429275117818 20115.366226179867 562874.0096291378 19565.449585864884 -62793.201880875 50106.81279482911 -13572.954974048453 30815.72246358771 21069.049737925387 15091.124986880051 -124789.08432318969 
-30921.265275277834 6916.83249285549 -19019.830968686107 2720.7040519940265 -19089.898529525854 18283.919840503146 -37263.35687968256 3928.748430822493 -62124.003995274 -5095.216958244315 -64803.15976160662 19565.44958586483 859724.8119108289 7399.351278211297 -105324.39996600478 7937.4945641900895 -92289.1526019898 1059.7802852080326 -92588.84709929106 -2466.5797017238783 
-13528.026835983013 -25227.976523769932 -14222.712876297433 -107623.40681176653 6813.021348315859 -5563.587271660715 -6527.334664847878 -103180.7947025497 -52396.78895426244 -105068.01904603731 -45483.38825800407 -62793.20188087476 7399.351278211339 561399.1016222669 -8038.670481064345 -123316.70077519033 24658.938191305915 -1877.6389344906252 9122.157163393762 -17847.648770994696 
-9729.63302182727 11522.851304763592 -17125.628878025953 6406.611586925318 -12352.802913258058 33811.3443608446 -50428.30754875928 20070.604265115122 -93826.2958568127 2010.6933612824796 -92494.80610929521 50106.812794829115 -105324.39996600486 -8038.670481064345 751500.3162369649 -6385.572777038144 -150021.98542377198 -32780.89908137531 -87206.60283084013 -16327.018093579845 
-8725.337629844029 -65084.1678799662 -10327.597243622791 -38945.63806313264 7839.226905868669 11450.099287153575 -2272.635679753719 -38770.94147146945 -31951.041313734382 -16726.105085344432 -32483.770850771692 -13572.954974048014 7937.49456419008 -123316.70077519056 -6385.572777038066 525894.7173710752 18887.374447926173 -24715.802036246903 -2081.00837358544 -87261.79049855177 
-1870.4513171865287 -533.6127935170877 -11509.640807887272 13410.178449633955 -27475.234316406946 11082.25721476096 -35527.89240220388 22736.095752798046 -53968.27303034791 -20795.707550194355 -59308.258430622445 30815.722463587717 -92289.15260198977 24658.93819130584 -150021.98542377204 18887.37444792611 766604.8040872002 -20144.695204661537 -143178.3918812137 -8327.830173591876 
14559.412258991684 -93187.62710116389 9029.240221983471 -30285.85084714522 12330.089308644743 -75239.56254060683 -1058.268390414954 27965.19970462892 -2399.5761948656695 -129824.68818275745 1102.1835485348804 21069.04973792536 1059.7802852080397 -1877.6389344906029 -32780.8990813753 -24715.80203624698 -20144.695204661548 507301.26480492577 4354.493554258263 -30543.41652864299 
-38250.57155957936 -9243.48503031203 -42051.79825350025 13043.676229621356 -42479.89808255796 -16154.90365712395 -27051.255392107432 5970.179186551357 -35327.60050156433 -38196.59946471104 -59167.585261432556 15091.124986879791 -92588.84709929103 9122.157163393822 -87206.60283084022 -2081.0083735853004 -143178.39188121364 4354.493554258219 681164.1713409366 38897.60323017737 
58789.76447209725 29706.23568180441 19459.027371435022 6779.44715824598 16361.512400526652 -22378.844067081664 7113.603447457869 -41031.95342847198 5909.334585097378 56179.36359106556 10818.666944103174 -124789.0843231899 -2466.5797017238756 -17847.648770994594 -16327.01809357988 -87261.7904985516 -8327.830173591847 -30543.416528643025 38897.60323017724 129997.5060255836 
ATOM_TYPE Si
NUMBER_OF_CLUSTER 1
WEIGHT 0.36036055161377384
DETERMINANT 4.9158394378439376e-116
ESPERANCE 0.0017783644904140277 0.004510281202242441 0.0010442703153418136 0.006916355645202084 0.0011772021405626965 0.007071556440113886 0.0015580576085886327 0.02187223045844911 0.001557150031255219 0.00873681580270047 0.0020844370656890724 0.02688173533918649 0.0022188038034760445 0.020070620114386078 0.0032696504967740007 0.03224696659099401 0.0031934159368457145 0.02552884551763143 0.003239263567361369 0.05089685840116342
INVERSE OF COVARIANT MATRIX
539336.4734235872 21003.623736719062 -45440.94456972573 -2857.236487828192 -36287.04956587614 16980.7794960058 -11248.859765182044 -36740.31266734092 -22743.346797859784 -13822.082050359355 -22079.01056743819 -33861.765597476755 -29684.403101868047 -10526.716085323289 -13472.945176592693 7579.831260686813 -5940.4636134886 10836.109498872222 -44584.9066313231 55490.33582025721 
21003.62373671894 475697.9565039726 13592.144495150109 -25466.82949482256 -1228.13799247587 -40614.07711463005 -4055.878719105352 46160.51382926401 8592.136048444523 -68147.68162190204 4905.277694619679 56401.63488730424 -11983.037589980644 -29448.263402666584 -10147.099692795366 -66596.57655560283 -584.2231265704405 -101516.34160905794 -5023.039798154131 25879.42505269576 
-45440.94456972573 13592.144495150094 905518.5923994514 5979.286981615344 -14679.58243261493 8143.2228367729795 -7884.958667209083 -16184.552639559111 -14543.394594015715 6071.582877512035 -19770.611292886377 -5751.741450288535 -14213.718138095597 -3555.668142597611 -5299.514548654611 -1386.3602499742167 -3872.2998157843836 13458.922868789665 -47456.79500238046 19730.143009419902 
-2857.2364878280496 -25466.829494822545 5979.286981615329 694177.1375634599 -5364.6936171975185 4407.938853895796 6767.358611490886 -75806.14725622865 -6043.999642254181 -66771.76996910328 -16622.163560442597 -91935.96910139591 -4577.564463260978 -109781.74837782582 -24006.40048630445 -41444.587047675566 2675.509536738504 -19877.637663945286 10913.391337494419 29536.432542662176 
-36287.049565876085 -1228.1379924758526 -14679.582432614954 -5364.693617197496 923568.4770668289 16180.0763200828 -21485.482927631438 -19974.318844648606 -5260.084126986496 -9691.783969233125 -13847.334113599423 -16078.609039451767 -26835.601439083403 -3592.043547327882 -14464.239663107068 875.2151252971753 -15443.505300757162 6875.216752196645 -23768.168110626364 24603.999403293175 
16980.779496005685 -40614.0771146301 8143.222836772992 4407.93885389581 16180.076320082808 784771.9072382464 4371.121065658031 96348.36473017478 -1891.488424851871 -11585.009841934463 11073.895416357725 36575.46376654618 -2336.274115450004 -15767.601984566749 27799.056472722394 15126.48243421928 -8367.365325568266 -85594.65999648532 -17543.63868030109 -50814.916257874516 
-11248.859765182013 -4055.878719105346 -7884.958667209086 6767.358611490907 -21485.482927631427 4371.1210656580215 936846.6458496642 -13318.190974863239 -3000.9255660575177 -9883.100499940905 -18135.38818907323 -10223.782306557376 -23175.412586923776 -3670.6075674475064 -29623.53028956834 1659.3437234824128 -11508.658100401692 1551.833099298193 -24742.091023781682 12063.277256602521 
-36740.312667340295 46160.513829264004 -16184.552639559079 -75806.14725622887 -19974.318844648635 96348.36473017492 -13318.190974863237 653507.4344398172 -4932.640371989149 -68926.2585841776 -9694.894659282496 -165779.92620553088 -5012.803238495449 -112698.89427270557 -12142.878799270067 -35243.93356801513 15641.50751137568 12949.739358548528 19613.910647160512 -66132.4348234687 
-22743.346797859907 8592.136048444503 -14543.394594015695 -6043.999642254161 -5260.084126986492 -1891.4884248518813 -3000.9255660575186 -4932.640371989181 932541.2573651028 -10701.792433961778 -19142.350312236398 -11604.020201565805 -11402.851504928623 -11615.854349228915 -16873.09737342858 1949.021433960336 -19265.76860476119 8967.5859175488 -37835.68557569358 24427.703080542786 
-13822.0820503593 -68147.68162190207 6071.5828775120335 -66771.7699691033 -9691.783969233129 -11585.009841934438 -9883.100499940905 -68926.25858417747 -10701.792433961771 703400.4093997658 -7212.683958683173 -27718.77683235442 -18175.959390671527 -136453.46736942968 -18098.75199942413 -48676.0046226034 -24265.848474850998 -123779.88305389133 -34767.686667631235 77257.74392036925 
-22079.010567438167 4905.277694619695 -19770.61129288638 -16622.163560442605 -13847.334113599432 11073.895416357745 -18135.38818907324 -9694.894659282518 -19142.350312236413 -7212.683958683168 896704.052169678 -30405.746525662507 -31678.64046710842 -21462.314039014265 -57933.877699792094 -12126.515454781336 -20490.535566712617 22992.451215752502 -46817.258802023905 24799.516540172855 
-33861.76559747744 56401.634887304135 -5751.741450288449 -91935.96910139575 -16078.609039451705 36575.46376654615 -10223.782306557338 -165779.9262055311 -11604.020201565783 -27718.77683235435 -30405.746525662544 590768.402076702 -3829.0924185499443 -61539.72876613589 -40268.47709097162 -20882.517485826756 -9842.95833584449 4160.02838474756 17488.02607492329 -133458.91204600668 
-29684.403101868058 -11983.037589980644 -14213.718138095619 -4577.564463260977 -26835.60143908341 -2336.274115449974 -23175.412586923783 -5012.803238495454 -11402.851504928607 -18175.95939067151 -31678.640467108416 -3829.092418549876 862628.585193424 -13778.684722470589 -49793.562634723356 -9508.76521278922 -53235.63248930201 -2629.160835595914 -68559.0466635949 27507.9894537681 
-10526.716085323202 -29448.26340266656 -3555.668142597606 -109781.74837782588 -3592.043547327865 -15767.601984566776 -3670.607567447513 -112698.89427270571 -11615.854349228921 -136453.46736942965 -21462.31403901424 -61539.7287661358 -13778.684722470576 612089.7004016509 -395.0861604197336 -82540.28548987415 15167.34726157919 13149.321126897346 -14480.716363393767 -29290.422187785836 
-13472.945176592713 -10147.09969279537 -5299.514548654611 -24006.40048630442 -14464.239663107055 27799.05647272238 -29623.530289568338 -12142.878799270065 -16873.09737342859 -18098.75199942416 -57933.87769979208 -40268.47709097167 -49793.56263472333 -395.0861604197422 811955.691291189 5646.2937180251865 -81400.2059404142 12387.380726836436 -64187.50607325126 18031.043302685208 
7579.83126068658 -66596.57655560282 -1386.3602499741905 -41444.58704767553 875.2151252972212 15126.482434219204 1659.343723482434 -35243.93356801497 1949.0214339603376 -48676.00462260339 -12126.515454781316 -20882.517485827047 -9508.765212789169 -82540.28548987415 5646.293718025174 525773.2748499437 26598.621564367797 -2338.3676818634385 -13665.987854268262 -87992.1776929167 
-5940.463613488649 -584.2231265704282 -3872.299815784381 2675.5095367384947 -15443.505300757159 -8367.365325568262 -11508.658100401695 15641.507511375703 -19265.768604761182 -24265.848474850984 -20490.535566712606 -9842.958335844469 -53235.632489301985 15167.34726157917 -81400.20594041422 26598.621564367782 794968.959462126 -17716.67702175565 -96755.60296435465 9580.153084992493 
10836.109498872225 -101516.34160905788 13458.922868789661 -19877.637663945294 6875.216752196652 -85594.65999648531 1551.833099298194 12949.739358548519 8967.585917548804 -123779.88305389133 22992.451215752502 4160.028384747572 -2629.160835595913 13149.321126897343 12387.380726836436 -2338.3676818634294 -17716.67702175565 481683.3712229348 -7425.245994974955 -21536.405200855712 
-44584.90663132304 -5023.039798154101 -47456.79500238045 10913.391337494411 -23768.16811062636 -17543.63868030108 -24742.09102378172 19613.910647160683 -37835.685575693606 -34767.6866676312 -46817.258802023905 17488.026074923204 -68559.04666359485 -14480.716363393787 -64187.50607325128 -13665.987854268464 -96755.60296435464 -7425.245994974948 687523.8134047319 52802.69621941308 
55490.33582025757 25879.42505269581 19730.143009419877 29536.43254266213 24603.999403293146 -50814.91625787447 12063.277256602489 -66132.43482346862 24427.70308054278 77257.7439203692 24799.516540172852 -133458.91204600653 27507.989453768107 -29290.42218778587 18031.043302685204 -87992.17769291675 9580.153084992486 -21536.405200855705 52802.69621941301 131899.07228030052 
ATOM_TYPE O
NUMBER_OF_CLUSTER 2
WEIGHT 0.37275973022611025
DETERMINANT 7.588214072234052e-116
ESPERANCE 0.0017605761831131605 0.00458351383889175 0.001075782803500052 0.0065554776591620935 0.0011164527233775597 0.006806569020447988 0.0013900908496132433 0.02206548756693984 0.0016645305770459143 0.008865725126034443 0.001732774012408467 0.027233747852799087 0.00223795136902514 0.019729652113680378 0.002783033693112345 0.032679566521438955 0.0028644150043712555 0.025852340385857844 0.003273179188570575 0.05047472545043236
INVERSE OF COVARIANT MATRIX
536030.5837584203 13894.011405364696 -54359.13841948481 8648.647575045881 -34490.828691151524 11410.594811721721 -14516.480623259908 -25936.399610958535 -26406.382524342287 -15932.381102673558 -29088.480866049602 -34917.28131195908 -27928.57851106314 -22262.11817106682 -16573.141497084875 154.78348861558464 -6678.880791396143 6637.974333404128 -51315.66107119744 57462.515914959855 
13894.011405364714 467609.94817725156 12603.626107341282 -45603.66301464631 5152.2111329596755 -48771.04920699541 13617.650491435244 48567.8724394429 1644.1866876215856 -72231.06772935389 912.7877973480513 46336.59267585064 7619.771400708068 -20492.742877340228 7890.644576211863 -66195.79310667716 -4527.503913817776 -89829.75118957258 -9837.903246318103 25101.650408139492 
-54359.13841948485 12603.62610734127 897781.557638451 7965.415227764142 -12853.605806767315 2569.742615160293 -9970.618726704653 -17399.165517249978 -11362.834589334696 2274.590831489987 -24549.094246499848 -15232.103618337533 -17928.529288629223 -7557.119421062453 -10757.565026329185 4226.937542889967 -9377.413344542789 9957.758060155473 -49850.64385952968 19200.227396845912 
8648.647575046134 -45603.66301464634 7965.415227764113 705491.0409625726 1573.2138400254148 -24400.144461299547 12117.96845329265 -48054.73267282738 -14203.407901583194 -52474.2799639385 -134.34737521569843 -112466.1457881937 14445.875085131911 -93058.5500190776 17284.467083798718 -29987.339021670803 5867.871591963959 -21541.328668090464 -43.926708489560724 18472.660485932003 
-34490.82869115162 5152.211132959682 -12853.60580676732 1573.2138400254155 920412.3289155002 21251.839282700705 -38309.13802777325 -7316.998949953495 -22587.27832403831 -10343.260884528376 -13532.903177721635 -2362.7405867167645 -21088.98139572984 -18067.76842012997 -18057.5222104996 -463.83354738256696 -24717.7569989836 10139.044512776278 -25410.197150983153 13436.84050435252 
11410.594811721794 -48771.04920699541 2569.7426151602945 -24400.144461299526 21251.83928270071 787561.0071420539 23638.419249508253 83905.45753601531 17932.445854284106 -30450.00981012489 -2733.1755646892257 15122.697692609025 -828.5302148144825 -6637.509021486002 -1720.8320050824811 19270.808510574145 -4378.416258797299 -87221.03911291447 -34578.4851145014 -35405.11945799917 
-14516.48062325988 13617.650491435237 -9970.618726704659 12117.968453292657 -38309.138027773246 23638.41924950825 894533.5813170405 -7132.881357624247 -29758.778847824153 -19248.963647282908 -18667.525309192588 23425.71675725974 -31511.38253602186 -29511.85954101291 -41372.21880235231 -7609.7131216152875 -14212.522867141863 -325.8733073100813 -2320.1308671076363 7159.073520981991 
-25936.399610958775 48567.872439442974 -17399.165517249963 -48054.73267282733 -7316.9989499535295 83905.45753601528 -7132.881357624264 618706.5348502345 22431.100486230727 -65960.68227094962 -24938.70013966429 -181292.40604880458 -10577.760594437554 -125698.37888289776 -26874.72830150239 -25782.661198659032 15405.353790480653 7618.380961345734 23141.425091738176 -49871.967074653905 
-26406.382524342334 1644.1866876215877 -11362.83458933471 -14203.407901583196 -22587.27832403831 17932.445854284106 -29758.778847824145 22431.10048623071 877574.8781831227 -10332.468016561472 -6978.545861371922 -18522.47079030915 -13667.340258231447 -12593.893978864458 9863.94533782349 -14962.654557553698 -26953.441411446653 18090.654843068347 -35110.09280993132 20312.9885366195 
-15932.381102673537 -72231.06772935388 2274.590831489988 -52474.27996393852 -10343.260884528376 -30450.009810124895 -19248.963647282897 -65960.68227094969 -10332.468016561445 686823.0886811347 -16736.670617253953 -7897.60030128059 -27251.102005015546 -152508.93453233814 -30490.60611385196 -34110.5654550312 -27216.16123612546 -125918.51460685274 -36750.03617629536 67581.69731260586 
-29088.480866049616 912.7877973480399 -24549.094246499848 -134.34737521566555 -13532.903177721631 -2733.1755646892266 -18667.52530919258 -24938.700139664274 -6978.545861371927 -16736.670617253974 906539.6846751078 -2874.25634892629 -32179.427129756124 -19794.634352604113 -50919.548662370886 1428.3858510390303 -23671.760873120285 6251.321154000958 -50846.64202234631 24413.00604438731 
-34917.28131195878 46336.59267585058 -15232.103618337465 -112466.14578819364 -2362.7405867167467 15122.697692609074 23425.716757259735 -181292.40604880446 -18522.470790309224 -7897.600301280561 -2874.2563489262106 526869.3097753333 22036.67679231251 -61818.49908583286 26903.65862173124 -2429.7275956531475 -4090.153436284141 23238.281354857943 -11262.755533410498 -121305.97736663344 
-27928.57851106306 7619.771400708063 -17928.5292886292 14445.875085131922 -21088.98139572985 -828.530214814494 -31511.38253602186 -10577.760594437557 -13667.340258231441 -27251.102005015517 -32179.427129756088 22036.676792312443 876765.0637228899 -15425.739417497663 -72910.44934100406 7136.385111651232 -53311.88791660092 -7482.054415858756 -70321.5507792912 10946.900018402333 
-22262.11817106695 -20492.742877340243 -7557.119421062454 -93058.55001907755 -18067.768420129963 -6637.509021485992 -29511.85954101289 -125698.37888289767 -12593.893978864473 -152508.93453233817 -19794.63435260415 -61818.49908583287 -15425.739417497647 569224.1711720991 634.7447968310466 -86788.7763249499 21994.491327447035 12868.375119130835 -5554.184088690305 -11422.322440043525 
-16573.141497084907 7890.644576211846 -10757.565026329185 17284.467083798765 -18057.522210499592 -1720.8320050824925 -41372.2188023523 -26874.728301502422 9863.945337823492 -30490.606113851965 -50919.548662370835 26903.658621731178 -72910.44934100403 634.7447968310709 780691.4804616203 26978.18868481354 -85379.75205416768 -23496.918839219037 -67765.00583865616 -2269.0868360518784 
154.78348861548022 -66195.79310667719 4226.937542889998 -29987.339021670854 -463.8335473825487 19270.80851057414 -7609.71312161529 -25782.661198658905 -14962.654557553691 -34110.56545503117 1428.3858510390373 -2429.727595653227 7136.385111651264 -86788.77632494987 26978.18868481355 522482.5991353337 29863.595164825583 -1965.5134372970133 257.05153619126344 -98662.14073789468 
-6678.880791396192 -4527.50391381778 -9377.413344542761 5867.871591963949 -24717.7569989836 -4378.416258797304 -14212.522867141868 15405.35379048067 -26953.441411446627 -27216.161236125463 -23671.760873120293 -4090.153436284168 -53311.887916600885 21994.49132744703 -85379.7520541677 29863.595164825598 782897.2426182923 -13746.250419199043 -125739.63425443415 8457.14217222029 
6637.974333404065 -89829.75118957252 9957.758060155495 -21541.328668090442 10139.044512776281 -87221.03911291448 -325.87330731008296 7618.380961345731 18090.654843068343 -125918.51460685271 6251.3211540009615 23238.28135485795 -7482.05441585876 12868.375119130818 -23496.918839219034 -1965.5134372970358 -13746.250419199043 493456.858897772 3586.279574102101 -31228.937157539032 
-51315.66107119749 -9837.903246318096 -49850.64385952973 -43.92670848963863 -25410.19715098319 -34578.48511450136 -2320.1308671076254 23141.425091738336 -35110.092809931324 -36750.03617629542 -50846.642022346365 -11262.755533410267 -70321.55077929125 -5554.184088690347 -67765.00583865616 257.05153619132614 -125739.63425443412 3586.279574102145 647713.6463213935 44243.93570455561 
57462.51591495982 25101.65040813951 19200.227396845872 18472.660485931992 13436.840504352527 -35405.1194579992 7159.073520982006 -49871.96707465407 20312.988536619534 67581.69731260581 24413.00604438729 -121305.97736663329 10946.90001840229 -11422.322440043503 -2269.0868360519034 -98662.14073789466 8457.142172220263 -31228.93715753902 44243.93570455577 129276.32176239249 
WEIGHT 0.004583484381567889
DETERMINANT 7.516545331271809e-115
ESPERANCE 0.016342928506582047 0.010977669774023669 0.004077082278652967 0.006255203260179722 0.0015370102291501172 0.006362962700785202 0.001622228506413298 0.022661512208221976 0.0021188216712321054 0.0088256651637088 0.0018780557770231327 0.027724190541245534 0.002592191811830958 0.020186473768931873 0.003085216644001649 0.033314250448923735 0.0033164047394139357 0.025506443125966418 0.004146734582430146 0.05033463551004365
INVERSE OF COVARIANT MATRIX
76794.47528928368 -153469.33618186295 12761.099872210889 -7167.923175617134 -21911.223581656035 -672.8016962143375 -24565.456953496017 -1503.562568615143 -5320.84495293004 -12490.987099652413 -2884.341787221921 -12077.716840612713 -14138.696957823413 -23661.31785782689 -2172.881604156635 -12791.671444330561 -11816.39282765987 13906.162676550843 -23826.199043173383 -10187.541873968157 
-153469.33618186295 405727.28634227207 -175084.02908396354 20071.24655836 13730.402122462776 4347.361984128541 33214.96427800785 -13298.618405004388 8360.105061186372 23989.475933108904 8996.376705237764 -4672.506080353902 32781.830978014616 61051.11447023313 -5154.992129868327 9376.633889043003 -7409.127908673609 -38442.19312395135 -20117.91953899796 74580.36518038299 
12761.09987221087 -175084.02908396348 650772.1814714377 -42095.42584399142 -5990.245326650785 -1580.238412315379 38376.070751228326 -21743.873426714996 2302.7744862108952 55372.20466579186 10822.34961212475 -48881.867750249316 -14476.89058821708 1832.255868947725 -21603.166169713306 -15717.307886427727 -35821.42794078678 -11569.616305567417 -83284.51674078073 -47870.68023879154 
-7167.923175617157 20071.24655836002 -42095.425843991485 777020.78538992 -4236.115597862547 -21313.27564244902 7279.143612074284 -42290.236551380796 -8842.62234079017 -10512.549711861733 2458.829081113978 -68753.55718647024 -286.5638882986598 -46151.03021340297 -6384.295117690959 3383.0016440832615 -12881.643525316038 7134.953437141136 -26879.74860246871 -36334.09866086468 
-21911.223581656082 13730.402122462856 -5990.245326650828 -4236.115597862548 927465.2107863398 19246.336697668245 -9868.632250713 -419.91031307861545 -4624.732625528548 -13671.264127319148 -11944.874706414394 -518.6564953740924 -16208.714802254557 -13788.107552732303 -12022.71303246301 -501.0048221275432 -7686.837112917927 -3332.834822797213 -30800.306402354992 -1633.7734683658882 
-672.8016962143344 4347.36198412854 -1580.2384123153556 -21313.275642449025 19246.33669766825 833651.5303595337 13534.164926862133 59963.299690317355 9931.85338138108 555.1336087527562 1798.074182937041 7481.106037234478 -11711.086499807481 4971.81321400185 7641.69284463232 24861.30794093192 -7712.586272075917 -26056.267803824703 -10842.564822756724 7803.739398536441 
-24565.45695349602 33214.96427800786 38376.07075122834 7279.143612074281 -9868.632250713012 13534.16492686214 893240.0343685262 -20520.987228577033 -19327.106112976504 -10745.857466428446 -2084.169911893173 41813.668370267 -9194.370688705301 -2970.0049206909275 -40315.84422467765 15243.141316194482 -1317.8884168966385 -1566.328597736932 17855.962633323063 -11764.776323644675 
-1503.5625686151436 -13298.618405004376 -21743.873426714956 -42290.236551380716 -419.9103130786165 59963.29969031735 -20520.98722857703 683654.1425749224 -12038.876170552216 -78977.40137732739 7280.135699500517 -129234.81772854042 -8459.374843821897 -129651.72119036286 -46950.76135302874 -29321.665110492027 -25574.679305556096 -46377.233210872226 12997.98967787001 -99868.05537883134 
-5320.844952930046 8360.105061186392 2302.7744862108852 -8842.622340790173 -4624.732625528549 9931.85338138108 -19327.1061129765 -12038.876170552217 922390.5287300737 1369.0240227791576 -11669.160467351361 708.584652049005 -8559.221024759201 -13913.375443060291 -18965.282211286067 -5429.863768732727 -9253.690026692464 17974.033935239924 -11458.793805636993 -11420.600430786475 
-12490.987099652428 23989.475933108897 55372.20466579181 -10512.549711861735 -13671.264127319162 555.1336087527758 -10745.857466428446 -78977.4013773273 1369.0240227791542 795587.1560694475 -7247.087784952048 -33495.33227276276 -20681.78640877861 -105179.84234443044 -15588.707816187358 -28803.6938348237 -19309.75078987686 -46735.648060188774 19739.36421702213 62442.20745329241 
-2884.3417872219366 8996.376705237784 10822.349612124746 2458.8290811139655 -11944.874706414403 1798.0741829370506 -2084.169911893174 7280.135699500591 -11669.160467351368 -7247.087784952055 922949.4916034334 -16712.658446085094 -8939.01616644437 -819.2068847122803 -15453.667566927117 8834.84937908581 -19752.612220179046 3181.499952901921 -43385.00300768223 20385.262557185622 
-12077.716840612717 -4672.506080353849 -48881.86775024924 -68753.55718647031 -518.6564953740769 7481.1060372344655 41813.66837026703 -129234.81772854087 708.5846520490153 -33495.332272762695 -16712.65844608507 606935.9088572015 17749.195447045626 -92381.54127176189 15203.362245482287 -43725.994124375036 -25440.979260920813 4001.25767184292 -65320.945624929336 -161971.36980380423 
-14138.696957823431 32781.83097801465 -14476.890588217084 -286.5638882986639 -16208.714802254563 -11711.086499807481 -9194.3706887053 -8459.374843821877 -8559.221024759203 -20681.78640877863 -8939.016166444375 17749.195447045626 883520.9207913341 -23561.899375680012 -49810.268020764226 9476.96546677791 -46046.287621949436 -4942.43187399983 -36097.5909193481 7993.406139059215 
-23661.317857826863 61051.114470233086 1832.2558689477517 -46151.030213403 -13788.107552732314 4971.813214001815 -2970.0049206909302 -129651.72119036304 -13913.375443060284 -105179.84234443038 -819.2068847122946 -92381.54127176185 -23561.899375680016 710989.9701169223 -14421.227261720222 -24136.016674180857 -23632.367853239637 -1639.4893153342193 -1193.3472405220339 -42212.09268636946 
-2172.8816041566474 -5154.992129868295 -21603.16616971334 -6384.295117690959 -12022.713032462992 7641.692844632325 -40315.844224677654 -46950.761353028734 -18965.282211286067 -15588.707816187367 -15453.667566927117 15203.362245482278 -49810.268020764226 -14421.227261720225 817875.4088699259 28818.22601044607 -90020.72549379012 -18908.409143813788 -64070.4416261231 4407.643544396245 
-12791.67144433053 9376.63388904287 -15717.30788642765 3383.001644083266 -501.00482212753803 24861.307940931903 15243.141316194513 -29321.665110492177 -5429.863768732719 -28803.693834823785 8834.84937908579 -43725.99412437464 9476.9654667779 -24136.016674180733 28818.22601044606 651396.9510684168 34591.984155506005 -18503.42608044392 33578.7508698097 -142242.45700263034 
-11816.392827659867 -7409.127908673607 -35821.42794078677 -12881.643525316014 -7686.837112917936 -7712.586272075914 -1317.8884168966422 -25574.679305556034 -9253.690026692459 -19309.750789876867 -19752.612220179017 -25440.97926092084 -46046.2876219494 -23632.367853239644 -90020.72549379012 34591.98415550604 827169.7775698175 -2466.56108102722 -75550.96410162892 15477.484752782864 
13906.162676550844 -38442.19312395134 -11569.6163055674 7134.95343714111 -3332.8348227972006 -26056.267803824703 -1566.328597736939 -46377.2332108722 17974.03393523993 -46735.648060188745 3181.4999529019246 4001.2576718429127 -4942.431873999826 -1639.4893153342703 -18908.409143813784 -18503.426080444 -2466.5610810272165 655554.3576360362 13952.999274434069 -21674.959538057377 
-23826.19904317322 -20117.91953899831 -83284.51674078063 -26879.748602468753 -30800.306402355058 -10842.564822756722 17855.96263332302 12997.989677870086 -11458.793805637004 19739.36421702208 -43385.003007682266 -65320.94562492935 -36097.590919348135 -1193.347240522082 -64070.4416261231 33578.75086980972 -75550.96410162895 13952.999274434098 663507.5953182176 25501.797367679806 
-10187.54187396815 74580.36518038297 -47870.6802387916 -36334.09866086462 -1633.7734683659098 7803.739398536444 -11764.776323644683 -99868.0553788312 -11420.60043078649 62442.20745329238 20385.262557185633 -161971.36980380438 7993.406139059217 -42212.092686369564 4407.643544396241 -142242.4570026301 15477.484752782882 -21674.959538057414 25501.79736767987 223841.07296665522 
