NUMBER_OF_DIMENSION 20
ATOM_TYPE Mg
NUMBER_OF_CLUSTER 3
WEIGHT 0.07663011103272892
DETERMINANT 1.2372957628147061e-114
ESPERANCE 0.007939029871158222 0.0044302326165751174 0.0016108871671051972 0.0063921855941852755 0.001690598419420458 0.00659879462672703 0.001782402093237174 0.020651062634304045 0.0025160759322599854 0.011507755378945255 0.0027901105713345675 0.02584122435581622 0.0035624722118516314 0.01977180245126789 0.004698578769543989 0.02652500372525604 0.004912286508957699 0.023877546986692862 0.0061503651528193445 0.03600986906152574
INVERSE OF COVARIANT MATRIX
137841.71500597984 -995.3240415864059 -15585.39388518752 63437.360845611394 -7155.27586622066 -14795.633641731654 -16740.972725205946 18140.47411402617 -9993.796725052865 17246.423365103554 -4138.121456698398 -2113.847151541646 -14621.368731966582 -25664.334825762366 -18473.80017179173 26004.462585651076 27295.833242881163 14083.387664002501 -94512.55772898872 -16130.552010234216 
-995.3240415863952 457165.93849919067 -1440.7148510057186 -41165.291891718676 6223.581278263472 9402.640075186757 -15474.23128138419 14559.485148416068 18459.22574707551 -43696.510266296296 -3052.1896331633643 43314.12902389155 5274.0442851697535 -93781.63049645182 -4648.831318951693 10934.529338186336 43926.43530834902 -9191.70490213878 -8267.728793159848 -37219.756877480846 
-15585.393885187492 -1440.7148510057202 831972.5846007473 -3940.925961915419 -13664.13038832488 10502.763099982663 -11940.69107861308 2050.9636921539873 -25110.040530218663 5491.822191233225 -28640.87064828988 11979.481753537772 -21566.923113465764 -13384.498680110035 -10619.007257387164 -3449.1198238255306 -20064.370253888515 -8093.728272331252 -18722.8246999202 7246.12292503867 
63437.36084561136 -41165.29189171868 -3940.92596191542 569991.2553805097 -8396.824318381206 -8145.0115602697915 10523.051585777937 10225.26732456964 4046.7569167465326 -39062.54197404093 -2990.3323441791554 -55071.73986968181 3906.8359463031456 4203.239942880897 8320.000284662523 -55807.22013552633 5585.493629363864 -12258.790896608225 54083.91014478369 37438.07324270409 
-7155.275866220649 6223.581278263463 -13664.130388324862 -8396.824318381212 890909.2177432865 -8061.970466665439 -3862.025101803316 -874.68793668247 1221.7934524302698 -1847.8775392753791 -11973.123481989602 1427.7784668979868 -23502.663554453662 16965.66324225245 -20167.827557891265 4323.561674832273 -29311.385616495332 1302.5218297167598 -12376.19822524422 6507.261818970527 
-14795.63364173164 9402.640075186751 10502.763099982665 -8145.011560269796 -8061.970466665438 744364.2164330537 11223.157560555028 16837.717584146452 16426.383214640544 -27630.363171097608 9333.425274256031 -31664.203983860923 -2337.1057711836797 -51966.769790816594 -4641.830659711962 26892.7401158689 14344.90597115683 -11977.005058991317 -10586.31827763879 -27428.412308450977 
-16740.97272520594 -15474.231281384178 -11940.691078613085 10523.051585777934 -3862.025101803318 11223.157560555026 883903.3034420748 24608.140163066146 -9015.633955506022 -19274.819565778686 -3787.2047247383666 20901.896697194057 -22381.899002292826 -24681.504207465805 -22977.52896937887 809.6829020486736 -13986.094176853816 8243.758379774103 -26844.773594363567 -4929.565560143977 
18140.474114026194 14559.485148416063 2050.9636921539886 10225.2673245696 -874.6879366824597 16837.71758414644 24608.14016306618 579737.4047608483 -36590.22340284879 -4365.571872781493 -35605.44143643468 -123285.9937835406 18808.56559671538 -44698.285292353445 16227.006195192136 -4952.96594727921 14067.284965108436 -78676.97338963175 51111.971685381686 -44773.5680673072 
-9993.796725052864 18459.22574707551 -25110.040530218663 4046.756916746529 1221.7934524302702 16426.38321464054 -9015.633955506024 -36590.22340284878 833080.751972438 9690.018153468887 -58665.18303523288 -8030.520596123299 -18155.64061688191 -10160.957264666577 -11322.214325767944 19920.172816392787 -35897.28417157951 -19910.17568604941 -23562.19178608748 25640.76828594444 
17246.42336510355 -43696.5102662963 5491.822191233219 -39062.541974040905 -1847.8775392753753 -27630.363171097604 -19274.819565778693 -4365.571872781668 9690.018153468902 638828.121924475 2660.53210017803 10623.832199609873 8772.558651077681 -126288.9141558844 -8166.630697553704 15743.32232128741 9273.528005202243 -33400.31904540864 3990.7146699100426 60521.00286074182 
-4138.121456698394 -3052.1896331633675 -28640.87064828988 -2990.332344179152 -11973.123481989594 9333.425274256027 -3787.2047247383707 -35605.44143643471 -58665.18303523288 2660.5321001780103 839981.2965910104 -17974.556211493546 -28754.570090724854 -9946.709452142028 -48267.89024840751 37576.46407645998 -19042.282277445313 -19433.064417900492 -40036.65134623182 17241.960429980078 
-2113.847151541687 43314.129023891524 11979.481753537766 -55071.73986968171 1427.7784668980144 -31664.203983860945 20901.896697194043 -123285.99378354056 -8030.520596123285 10623.832199609868 -17974.556211493586 580070.1553345366 15788.393031303935 48887.24086984178 20208.85451490733 -38679.65006890836 36085.72193698896 -69261.6608578813 34036.85223040314 -103401.2029757058 
-14621.368731966593 5274.044285169749 -21566.923113465775 3906.835946303173 -23502.663554453666 -2337.1057711836816 -22381.899002292845 18808.565596715365 -18155.640616881916 8772.558651077694 -28754.57009072486 15788.393031303947 785543.1015323399 30071.90757925173 -84384.33165660703 15694.955212004434 -94435.1316045995 29747.60449447008 -55663.04887237743 -6106.924929012497 
-25664.334825762377 -93781.63049645183 -13384.498680110037 4203.239942880909 16965.663242252453 -51966.76979081664 -24681.504207465794 -44698.2852923534 -10160.957264666582 -126288.91415588441 -9946.709452142046 48887.2408698418 30071.90757925173 464492.94745312154 23180.431896396723 -28388.23330665463 99198.75943232585 -36476.994455468746 -25731.958002923726 -33990.34297943882 
-18473.800171791747 -4648.831318951678 -10619.007257387173 8320.000284662507 -20167.827557891265 -4641.83065971196 -22977.528969378865 16227.00619519216 -11322.214325767942 -8166.630697553708 -48267.89024840752 20208.854514907376 -84384.33165660703 23180.431896396723 709644.1728176464 19700.235726629995 -79742.93516800104 17565.51482323724 -118665.88007983023 -10250.959596481876 
26004.46258565109 10934.529338186341 -3449.119823825527 -55807.22013552634 4323.561674832263 26892.74011586888 809.6829020486686 -4952.965947279293 19920.172816392784 15743.322321287364 37576.46407645997 -38679.65006890804 15694.955212004452 -28388.23330665453 19700.235726630017 358242.9741225059 -9888.6012096011 -34484.7605834673 24244.513369381744 -104548.24550997009 
27295.83324288114 43926.43530834898 -20064.37025388853 5585.4936293638875 -29311.385616495343 14344.905971156819 -13986.094176853812 14067.28496510832 -35897.28417157949 9273.528005202263 -19042.282277445298 36085.72193698897 -94435.13160459949 99198.75943232584 -79742.93516800109 -9888.601209601109 678443.0542751582 39671.91818033296 -70027.15060081484 13232.344683383353 
14083.38766400249 -9191.704902138781 -8093.728272331245 -12258.790896608234 1302.521829716754 -11977.005058991288 8243.758379774115 -78676.97338963165 -19910.17568604942 -33400.31904540866 -19433.064417900514 -69261.6608578813 29747.60449447009 -36476.994455468775 17565.514823237223 -34484.76058346729 39671.91818033297 441181.6873295524 25295.914869906435 -57548.25750621004 
-94512.5577289887 -8267.728793159848 -18722.82469992019 54083.91014478369 -12376.198225244214 -10586.318277638768 -26844.773594363578 51111.97168538171 -23562.191786087475 3990.7146699100404 -40036.65134623182 34036.8522304031 -55663.04887237748 -25731.958002923733 -118665.88007983018 24244.513369381744 -70027.15060081486 25295.91486990641 574351.4038410498 -43426.062577013705 
-16130.55201023421 -37219.75687748087 7246.1229250386705 37438.073242704086 6507.261818970534 -27428.412308450974 -4929.565560143971 -44773.5680673071 25640.768285944436 60521.00286074181 17241.960429980092 -103401.20297570598 -6106.924929012508 -33990.34297943882 -10250.959596481864 -104548.24550997003 13232.344683383324 -57548.25750620998 -43426.06257701371 159294.0418916571 
WEIGHT 0.07560619503074746
DETERMINANT 2.4404856598547258e-115
ESPERANCE 0.004340661988754274 0.004587927190003329 0.001498684894181292 0.00704195518624364 0.0014134952354913361 0.006612071844248151 0.0014652293751817502 0.022360243329555083 0.0021433711814302175 0.010826259591848948 0.0023964890991373462 0.0279431112786974 0.002814269456529249 0.020310432009090985 0.0036807680444203676 0.030249445295096745 0.003948010384703193 0.02571571768428503 0.0046476179458500915 0.04319764090944254
INVERSE OF COVARIANT MATRIX
245551.18495302758 19538.8720204188 -24138.20036308293 48209.59135465957 -18536.65453997763 -8599.33062790429 -10262.327989231038 14872.00805646793 -12897.862377711888 6287.028310729455 -3154.2470862760974 -21773.10075679925 -31961.14912358395 3448.220599373969 -28718.52998506055 10046.117447476385 -13043.994127833228 2833.4284284915707 -58733.67692579217 -679.8369834510291 
19538.87202041879 440462.7294099503 2650.8584730184425 -41050.27950140923 3085.289743686615 6876.1878458237115 -8815.141875113315 16616.0886038228 10396.234823246938 -49099.60802559828 14306.10513294858 59948.35171380569 17442.1264861936 -69895.24128056462 15159.518402930507 -2983.8986925252957 24612.227941155965 -14865.748735459898 -32.49491140537194 1949.2030386819865 
-24138.20036308293 2650.858473018447 858441.3715849995 4710.628328661724 -17124.305046180154 794.0627291114102 -7792.949603650308 6150.039749960789 -20457.795272196916 2816.379875479338 -29384.898286695603 5847.649262819534 -15690.071423431144 -16102.175221747391 -11100.024476125933 -9226.893680867204 -11210.863517777978 -3773.938466541204 -51017.78571738272 -13541.203209285955 
48209.591354659555 -41050.27950140925 4710.628328661724 629548.4316697196 -7729.995337118339 -7016.414746574647 166.98699135811344 -21436.954346015355 15243.840283745205 -31106.42652275001 -2273.9302606927754 -66676.71573663186 -2431.894220725881 7831.2957885548985 6585.734398961115 -32852.57204560854 27047.18895151354 -33204.23051412357 49738.90172046144 53554.39351307189 
-18536.654539977633 3085.289743686621 -17124.305046180154 -7729.995337118345 912426.2122011508 5680.511664131647 -13019.272685988028 -2782.284459588947 1621.5843472456088 -692.2848983693017 -6412.357524838616 -641.6459651801489 -18724.670237692604 8465.498351003307 -19128.450853794482 -105.08122114715337 -20625.885593162126 6511.884532135544 -20819.170676777318 11482.641537101905 
-8599.330627904292 6876.187845823717 794.0627291114126 -7016.414746574637 5680.511664131648 746752.5477477052 7292.29080872881 52510.27709346097 19874.613718592784 -31910.839856294497 15622.03760670286 -44229.76646354076 1152.934857116844 -37196.90063076053 9420.82635055017 29746.02509025117 5863.157242378979 -60701.18627475804 -35102.070197999376 -20887.03499781031 
-10262.327989231031 -8815.141875113315 -7792.949603650299 166.98699135811032 -13019.272685988019 7292.290808728807 910747.261110129 23254.61313948103 -10246.769553173144 -9032.46641467336 -15273.659114326447 14553.406233255546 -18712.87002060311 -9119.226614917667 -32226.40770723704 -2623.7974081815673 -13403.804591924085 6652.1755055216745 -18236.042845989134 3637.1328415809016 
14872.008056467928 16616.088603822813 6150.039749960785 -21436.954346015304 -2782.2844595889324 52510.27709346097 23254.613139481036 612875.5283742977 -7627.893155616165 -17647.431497863512 -3808.4566403649733 -140872.0023933973 -4932.3975513888945 -40611.37297033627 -6181.412157974483 -24778.985733785194 23131.342497650858 -65096.0402401895 71505.10037992788 -38670.52272134705 
-12897.862377711897 10396.23482324694 -20457.795272196916 15243.840283745214 1621.5843472456052 19874.613718592784 -10246.76955317315 -7627.893155616162 841142.6753809943 -5141.062300037596 -74857.19463592378 2693.113347754649 -28249.056877229177 -43283.387549914936 -60536.484441277826 13069.914801994326 -59713.43258376591 -29042.201430563993 -47756.95289411986 2309.362840268557 
6287.028310729457 -49099.60802559827 2816.3798754793347 -31106.426522750062 -692.2848983693029 -31910.8398562945 -9032.466414673363 -17647.43149786355 -5141.062300037584 684997.8609108058 -3252.2274904191354 -16483.22138482249 3719.7956753706403 -133410.73841158254 -5931.438380501186 29348.262704336983 -8997.649587463968 -35494.60902720468 -806.3236266978696 74327.84024574488 
-3154.247086276097 14306.105132948578 -29384.898286695592 -2273.9302606927654 -6412.357524838618 15622.037606702857 -15273.659114326456 -3808.456640364974 -74857.19463592379 -3252.227490419137 826112.5704355547 -1863.7122601886906 -43058.1054078888 -29085.87276577389 -83945.88007289737 -331.6548986322786 -54838.49388861319 -34651.8329474579 -65916.00871553642 3792.487436379511 
-21773.100756799246 59948.351713805714 5847.649262819541 -66676.71573663187 -641.6459651801694 -44229.766463540735 14553.406233255548 -140872.00239339724 2693.11334775466 -16483.221384822544 -1863.7122601886829 553655.3287932327 -5677.513274215459 56738.77697922586 -8430.07817370013 -95.83102987525419 -8372.793517043865 -87449.84124835563 25712.790028446143 -93382.69753812958 
-31961.14912358395 17442.126486193614 -15690.071423431144 -2431.894220725881 -18724.670237692626 1152.9348571168405 -18712.870020603117 -4932.397551388885 -28249.056877229214 3719.795675370633 -43058.1054078888 -5677.513274215448 828180.0399503169 17224.797548897728 -87570.86522400909 14976.241269193126 -77445.57269504936 2679.130034949248 -77948.17217592956 11753.810386352528 
3448.220599373978 -69895.24128056462 -16102.175221747384 7831.295788554905 8465.498351003309 -37196.90063076054 -9119.226614917661 -40611.372970336255 -43283.38754991494 -133410.73841158257 -29085.872765773882 56738.77697922588 17224.797548897717 555672.5340855923 2834.003586270766 -21019.677219129615 37267.11495898933 -22055.573883180903 -19267.923434885077 -45417.248975333816 
-28718.529985060555 15159.518402930511 -11100.024476125938 6585.734398961122 -19128.45085379448 9420.82635055016 -32226.40770723705 -6181.412157974496 -60536.48444127779 -5931.438380501182 -83945.88007289746 -8430.078173700114 -87570.8652240091 2834.0035862707637 726873.8729370645 26622.341344569053 -130181.2302132224 -24376.39169339223 -102677.6627541499 8384.395189884126 
10046.117447476385 -2983.898692525287 -9226.893680867199 -32852.57204560855 -105.08122114716826 29746.0250902512 -2623.7974081815614 -24778.98573378511 13069.914801994333 29348.26270433694 -331.6548986322703 -95.83102987527825 14976.241269193122 -21019.677219129615 26622.341344569053 443420.0768320477 33482.64614698864 -676.9912547173988 22504.50766477791 -111074.20277498281 
-13043.994127833206 24612.227941155958 -11210.863517777985 27047.188951513534 -20625.88559316212 5863.157242378973 -13403.804591924094 23131.342497650876 -59713.43258376596 -8997.649587463979 -54838.49388861321 -8372.793517043865 -77445.5726950494 37267.114958989354 -130181.2302132224 33482.64614698861 706923.6706639789 6131.5099869640235 -124061.89547085005 15250.629984046276 
2833.4284284915693 -14865.748735459905 -3773.938466541207 -33204.230514123556 6511.88453213554 -60701.186274757994 6652.1755055216745 -65096.04024018946 -29042.201430564 -35494.6090272047 -34651.8329474579 -87449.8412483556 2679.130034949239 -22055.573883180874 -24376.39169339223 -676.9912547173697 6131.509986964023 449065.6365489822 6479.452939529883 -41962.86737249416 
-58733.676925792184 -32.494911405362096 -51017.78571738273 49738.90172046142 -20819.170676777314 -35102.070197999354 -18236.042845989123 71505.10037992787 -47756.95289411986 -806.3236266978711 -65916.00871553642 25712.790028446136 -77948.17217592955 -19267.923434885077 -102677.66275414989 22504.507664777917 -124061.89547085002 6479.452939529861 555704.9387950427 -27288.97797026104 
-679.8369834510286 1949.2030386819652 -13541.203209285963 53554.39351307188 11482.64153710191 -20887.034997810348 3637.1328415808966 -38670.522721347144 2309.362840268557 74327.84024574491 3792.4874363795057 -93382.69753812955 11753.81038635254 -45417.2489753338 8384.395189884128 -111074.20277498278 15250.629984046267 -41962.86737249412 -27288.97797026105 141507.7025056872 
WEIGHT 0.05877934542270476
DETERMINANT 1.2371514888891999e-114
ESPERANCE 0.007973007084669087 0.0037302278347772877 0.0015975965530206867 0.005602535744854124 0.0018018390311152646 0.0062236186344575145 0.0019156589656937721 0.0184905864621852 0.0025176555043546316 0.011641956665129618 0.0028870977118506894 0.022601415824874453 0.003969272274556904 0.017596789229990955 0.005089819533749435 0.020870986063399183 0.005422069429875831 0.019847339408559962 0.006148828047306879 0.027035284306737347
INVERSE OF COVARIANT MATRIX
126431.92259719226 -7970.993567256358 -17509.685108767575 24821.319242278176 -2520.238059306479 -6434.750916295784 -13619.460783717266 19441.711575354733 1114.6785091172464 8874.463787885854 -221.49943661243327 3867.448840427608 -25814.684467275514 -24872.28481405331 -46789.24397846126 -29260.20257848621 1020.0343899207943 -8849.892720570671 -70384.29274156022 -20994.77104277187 
-7970.993567256379 524987.4145466466 4652.3593226056755 18014.03113848275 9152.120911463375 -12237.357908726828 -16163.578689633694 -5287.500778689307 29763.925469115493 -3627.7250957106708 8568.260035295463 13033.279678196643 -2402.578673783792 -66935.47978209796 -7402.483332698448 46692.86185305525 33395.12485767259 -12119.570171808156 -15763.810993481737 -34714.25221895929 
-17509.685108767582 4652.359322605682 822509.9412201094 -17058.135938344065 -8295.881028445852 14411.549366471148 -7506.617983893627 4791.470551165221 -13832.144471072368 -6160.993392066602 -27893.41634393738 18248.137545391637 -28347.8799322398 -14417.144176194262 -13396.697625930556 -14563.116496764389 -12436.814533371655 -9631.557231606115 -2067.9358668417926 6118.464860152999 
24821.31924227819 18014.031138482744 -17058.135938344054 528308.8305054823 -6236.86234923794 1298.1977911386564 16338.994125137888 27309.41230231492 -41822.83416112543 -50192.70668406721 -33092.579235214296 3466.244211081527 -8592.06838157865 -6955.879609899616 5408.600541436701 -83438.10212624585 -33596.43424170761 -21423.05970290023 -4183.658937351043 36016.672296535435 
-2520.238059306482 9152.120911463378 -8295.881028445854 -6236.862349237942 887011.6142053248 -4433.12235780948 324.9830741520225 -6092.370019503005 -9645.95183333877 5166.543636608923 -16778.23687156545 -9363.98662592675 -14970.002028308369 16338.004955621629 -1941.346303473726 -678.644399715833 -31606.923585024975 -1653.6089598996173 -9954.026761952218 798.1659110396308 
-6434.7509162957895 -12237.357908726814 14411.54936647114 1298.1977911386452 -4433.122357809479 712971.5795225708 13433.407917475675 -7236.787215313923 19429.168529731098 -10462.142913340549 4715.32928703385 -16187.26913255508 668.5111198324395 -26579.24556833192 658.3673285990702 23431.64778099615 5939.523107766083 -4232.813590637983 1578.6419390972133 -38129.51613517697 
-13619.460783717259 -16163.578689633694 -7506.617983893632 16338.994125137895 324.98307415202214 13433.407917475677 889008.5685983225 9920.545864999478 -3553.9184115357807 7499.263281866253 -2781.7514731953206 6092.51266285744 -21446.74716249565 -17799.837938342072 -19329.50549562414 9125.799490214173 7419.466248341221 2044.2926339744952 -10947.780378740445 3863.9976367918152 
19441.711575354748 -5287.500778689274 4791.470551165216 27309.41230231491 -6092.37001950301 -7236.787215313918 9920.545864999483 528438.3133863944 -6357.389610337637 -11061.168449475887 -6231.103228482962 -101895.79246217287 18660.21272764908 -38329.05940025246 57006.090542233826 14457.4438796337 1141.5439364937904 -47514.64544212403 17084.709115180212 -72927.50386061324 
1114.6785091172462 29763.925469115493 -13832.144471072366 -41822.8341611254 -9645.95183333877 19429.168529731105 -3553.918411535783 -6357.389610337656 847101.6767797172 -641.0821777840092 -38783.55128848123 -10468.362152566258 2544.27534618236 -615.1767916574886 17448.031472569433 -32535.075582142188 -22175.746756575245 -15265.758052329345 -15986.11700721171 8872.426941966602 
8874.463787885872 -3627.7250957106803 -6160.993392066608 -50192.7066840672 5166.543636608917 -10462.142913340535 7499.263281866244 -11061.16844947592 -641.082177784006 590875.5112745201 -6771.424334245813 3645.515051876647 -2269.9616727164453 -110888.45364826365 -8583.875834917388 -2604.501306971682 11664.26754345678 -27790.411197360216 -28831.582079705735 69497.6907280985 
-221.49943661242992 8568.260035295469 -27893.416343937355 -33092.57923521428 -16778.236871565437 4715.329287033852 -2781.7514731953247 -6231.103228482968 -38783.55128848123 -6771.424334245814 856678.4520119659 8660.058910548654 -22323.93219604055 -6379.612010131806 -34444.293037590665 -9960.070122960205 -30878.613108860554 -11859.198639915465 -41609.420962083765 7274.817862024353 
3867.4488404275157 13033.279678196679 18248.137545391637 3466.24421108149 -9363.986625926751 -16187.26913255505 6092.512662857453 -101895.79246217299 -10468.36215256626 3645.5150518766854 8660.058910548629 572391.8664660108 7999.1159954476025 17381.391776144203 26254.965282568875 -69222.67270635575 -1336.2319873737295 -68256.07888406013 3605.448798466567 -113251.65928832181 
-25814.684467275518 -2402.578673783796 -28347.87993223978 -8592.068381578656 -14970.002028308372 668.5111198324339 -21446.747162495634 18660.212727649083 2544.27534618236 -2269.9616727164416 -22323.93219604055 7999.1159954475825 763411.5692223692 19204.396035010355 -119855.1835076691 -21696.058941776675 -71984.01120768576 20324.102848640327 -29179.555804486143 3894.657133989138 
-24872.284814053313 -66935.47978209796 -14417.144176194251 -6955.879609899631 16338.004955621638 -26579.245568331917 -17799.837938342072 -38329.05940025245 -615.1767916574802 -110888.45364826365 -6379.612010131807 17381.391776144126 19204.396035010355 439860.597051884 21930.86083590034 -44873.6598859273 77858.46532811216 -65253.418487881085 -23696.34226252037 -32747.93115280185 
-46789.24397846128 -7402.483332698435 -13396.697625930548 5408.600541436688 -1941.3463034737217 658.3673285990793 -19329.50549562414 57006.09054223384 17448.03147256942 -8583.875834917399 -34444.29303759068 26254.96528256889 -119855.1835076691 21930.860835900345 661374.2943817235 -22894.9722083624 -81939.38861267534 19173.17268916472 -96165.48043711999 -6584.714693290954 
-29260.202578486227 46692.86185305523 -14563.116496764382 -83438.10212624582 -678.6443997158362 23431.6477809961 9125.799490214178 14457.443879633685 -32535.075582142174 -2604.501306971652 -9960.070122960198 -69222.67270635576 -21696.05894177666 -44873.65988592729 -22894.97220836244 337948.59311265586 -55656.600416152774 -81410.09488294637 2137.8497441703485 -99981.20522879715 
1020.0343899208136 33395.124857672585 -12436.81453337166 -33596.434241707604 -31606.923585024964 5939.523107766087 7419.466248341218 1141.543936493798 -22175.746756575234 11664.267543456772 -30878.61310886053 -1336.2319873737106 -71984.01120768578 77858.46532811211 -81939.3886126753 -55656.60041615277 707008.2559392535 904.291095233725 -36668.58532050751 2560.95607405929 
-8849.892720570671 -12119.570171808153 -9631.557231606123 -21423.05970290028 -1653.6089598996173 -4232.8135906379985 2044.2926339745068 -47514.645442124005 -15265.758052329364 -27790.411197360205 -11859.198639915468 -68256.07888406007 20324.10284864032 -65253.41848788115 19173.172689164723 -81410.09488294627 904.2910952337074 400209.1791364104 15569.38054078413 -71121.6014026964 
-70384.29274156025 -15763.810993481738 -2067.9358668418117 -4183.658937351054 -9954.026761952226 1578.6419390972187 -10947.780378740434 17084.709115180223 -15986.117007211702 -28831.582079705717 -41609.42096208376 3605.448798466525 -29179.555804486157 -23696.342262520408 -96165.48043711999 2137.8497441703826 -36668.585320507555 15569.380540784152 639705.2511833899 -40935.703841474955 
-20994.771042771805 -34714.25221895932 6118.464860153007 36016.672296535486 798.1659110396265 -38129.516135176964 3863.997636791801 -72927.50386061319 8872.426941966594 69497.69072809847 7274.817862024372 -113251.6592883217 3894.6571339891284 -32747.931152801844 -6584.714693290921 -99981.20522879728 2560.9560740593124 -71121.60140269643 -40935.70384147496 228049.99923560815 
ATOM_TYPE Si
NUMBER_OF_CLUSTER 2
WEIGHT 0.07252211044764588
DETERMINANT 1.4980946924065562e-114
ESPERANCE 0.008451781449340591 0.003878286723920964 0.0015810638296983824 0.00596304324050511 0.0020921086428611077 0.006255811173942341 0.002143650287511613 0.018114245543894153 0.002536626995949738 0.010924081638153208 0.0030051226071340135 0.022121236803687588 0.0039930648114742 0.017924224400775953 0.0052451203565292166 0.021284328908397217 0.005736930759915804 0.019906916588484293 0.006540554394460445 0.028133981846870028
INVERSE OF COVARIANT MATRIX
137802.40640009177 -11797.440150114273 -2660.434902473548 30856.967388583784 -6634.309733633008 -22317.61808132502 -1709.5954905101084 -2563.1680933309117 15941.42509680749 6882.983640659234 15694.143831372941 -632.6962219742309 -19912.273226847155 -32540.916343442088 -17602.225356602437 -19431.819443998247 988.8215415790165 681.2017380030626 -81401.2571630558 -17416.43879126033 
-11797.440150114293 512633.80913069285 4898.644659484317 26271.724310251953 14813.336333997899 -30993.242197427593 -26163.30408040817 -37483.101402320375 15163.239327412648 -1859.1622946305713 -8369.929756544443 9393.9093218553 1958.391483219232 -71221.04997134511 15711.724242669576 53273.092575697665 23693.420136677723 -905.4997589353213 -7611.44868558763 -26140.15128131528 
-2660.4349024735457 4898.644659484309 831956.8252445677 -21054.255323105324 -10700.447616919086 7947.352731627465 2707.200186303389 -770.1466867521056 -9462.911220540367 -9306.03392104311 -27383.934027564515 -787.749142993186 -12755.444072143377 3748.8960283538386 -5348.984709910555 -2439.647373929945 -19458.27097100604 -4245.773540605393 -1005.1142875169935 1132.068016220459 
30856.967388583776 26271.724310251946 -21054.25532310532 513274.7302126944 -13495.87635250781 26445.60605269575 11572.198289913436 36611.19915582638 -19539.8931806018 -51382.693502116344 -32294.891803459726 16142.736233046511 -25224.753965080177 -14979.196606844338 -28424.449206084435 -81490.45696198722 -32466.187987338093 -39313.17778312273 8614.295324441044 21966.373061882176 
-6634.309733633006 14813.3363339979 -10700.44761691909 -13495.876352507805 857124.1178588233 13115.229094501856 8471.904040291922 13938.070877236303 -28844.0588308749 16791.451593762264 -12488.547625908848 -6031.96743723268 -8909.28231748877 9410.57070298634 1437.0059673366316 -8509.169931129318 -24806.93743055119 -9470.417090459825 -35701.86513785248 -7257.848981720778 
-22317.61808132503 -30993.24219742759 7947.352731627465 26445.606052695748 13115.229094501856 701031.1882363975 3850.643586514533 -19696.747530737182 36482.558236330864 -11099.29636729001 25409.717508167654 -399.1145682415793 -29604.739997409997 -49276.06445561746 -470.654120956372 30658.55429426864 8897.536655383476 -3331.677150104618 1153.8196825351101 -55725.55858010613 
-1709.5954905101114 -26163.30408040816 2707.200186303387 11572.198289913438 8471.904040291916 3850.643586514535 879343.9142251376 -12665.532184219455 -3867.824514094677 -4635.866288715401 -13336.546555959756 -7378.699344731754 -10355.612205914971 -13618.510670559628 -12746.892777702282 1901.3231781729858 5255.851248640085 4692.323696181277 2002.9897045035768 882.0566804614474 
-2563.168093330917 -37483.10140232038 -770.1466867521078 36611.199155826376 13938.070877236292 -19696.74753073721 -12665.53218421946 523336.73220626544 13354.305839883584 -25903.632068430525 1656.7815805599137 -81170.5899924841 -19137.484267608084 -29888.892886460784 7893.584251013334 7121.627091708511 -11167.778790215865 -38912.20220714958 41606.83380675336 -71991.11166902939 
15941.425096807485 15163.239327412657 -9462.91122054037 -19539.893180601804 -28844.058830874892 36482.55823633088 -3867.824514094676 13354.30583988359 855982.532229378 20058.200873134392 -41924.600169869394 -17846.91756865637 32258.81998687764 -5353.360538185729 33879.27669088895 -9212.695576965089 2364.9024858972466 -9289.039615246713 -17888.313339828168 3851.2393470613924 
6882.983640659221 -1859.16229463058 -9306.033921043107 -51382.69350211632 16791.45159376228 -11099.296367290006 -4635.8662887154005 -25903.632068430426 20058.200873134392 615562.5103616939 -4369.4069661083095 20294.58354082612 -32974.6524765588 -112209.37149730643 -30483.820061920796 1570.9845939210807 892.0730271247925 -42952.6668169979 -4250.517933504517 74104.2714476025 
15694.143831372938 -8369.929756544438 -27383.93402756452 -32294.891803459745 -12488.547625908846 25409.717508167665 -13336.546555959754 1656.7815805599 -41924.600169869394 -4369.406966108309 856298.6911887376 -8823.247741840198 -15516.59233382477 -5148.17276330314 -32852.561702393505 8737.882895225668 -4472.190422739995 -7352.546825915436 -35925.01789892031 432.7952672097254 
-632.6962219742283 9393.909321855268 -787.7491429931816 16142.73623304654 -6031.967437232673 -399.11456824159757 -7378.699344731771 -81170.58999248374 -17846.917568656354 20294.5835408261 -8823.24774184019 594390.6334826148 15647.734419813241 22167.382503609162 7486.013177263341 -86106.04735084681 -10943.326481647222 -68798.27558931352 13907.898387371186 -98726.90308977544 
-19912.273226847148 1958.3914832192354 -12755.444072143373 -25224.753965080185 -8909.282317488774 -29604.739997409994 -10355.61220591497 -19137.484267608095 32258.819986877657 -32974.6524765588 -15516.592333824772 15647.73441981325 756788.7646078976 22502.80884941306 -120806.96150597409 -14080.842093703839 -85888.84458596761 14649.45870482931 -22461.45732310681 9034.73262217474 
-32540.916343442048 -71221.0499713451 3748.8960283538377 -14979.196606844347 9410.570702986337 -49276.06445561754 -13618.510670559632 -29888.892886460795 -5353.360538185727 -112209.37149730642 -5148.172763303139 22167.382503609155 22502.808849413068 439170.696414587 28527.58584570172 -30539.03598588531 64785.87480609984 -57635.1817790077 -34965.99416892483 -38330.973550388386 
-17602.22535660242 15711.724242669574 -5348.984709910549 -28424.449206084446 1437.0059673366356 -470.6541209563726 -12746.89277770229 7893.5842510133425 33879.27669088898 -30483.8200619208 -32852.56170239351 7486.013177263331 -120806.96150597409 28527.585845701706 672853.9316828306 -14212.118017945399 -100911.7937497163 6805.314641054578 -79983.42992361978 -4160.031322827741 
-19431.81944399826 53273.09257569768 -2439.6473739299468 -81490.45696198723 -8509.169931129343 30658.554294268644 1901.3231781729844 7121.627091708401 -9212.695576965107 1570.9845939210948 8737.882895225663 -86106.04735084678 -14080.842093703828 -30539.035985885297 -14212.118017945408 337349.3870290264 -43524.35701120563 -81088.33324883899 24652.177031981613 -97463.61142928925 
988.8215415790144 23693.420136677723 -19458.270971006048 -32466.18798733807 -24806.93743055118 8897.536655383463 5255.851248640081 -11167.778790215876 2364.9024858972384 892.073027124793 -4472.190422739993 -10943.326481647186 -85888.84458596758 64785.874806099855 -100911.7937497163 -43524.35701120563 703318.1449661383 18956.14542921789 -45678.88957453781 -1228.4978946909532 
681.2017380030265 -905.499758935341 -4245.773540605399 -39313.17778312269 -9470.417090459827 -3331.6771501046205 4692.323696181279 -38912.20220714956 -9289.039615246706 -42952.6668169979 -7352.546825915449 -68798.2755893135 14649.458704829323 -57635.181779007646 6805.3146410545605 -81088.33324883907 18956.145429217933 411999.27210356476 11152.596848870073 -80632.42774559594 
-81401.25716305576 -7611.448685587662 -1005.1142875169936 8614.29532444106 -35701.86513785249 1153.8196825351076 2002.9897045035732 41606.83380675342 -17888.313339828175 -4250.517933504513 -35925.017898920305 13907.898387371162 -22461.457323106806 -34965.9941689248 -79983.42992361977 24652.177031981602 -45678.889574537825 11152.596848869998 589972.1411851482 -56582.57301764832 
-17416.438791260338 -26140.15128131525 1132.0680162204615 21966.373061882154 -7257.848981720761 -55725.558580106095 882.0566804614522 -71991.11166902941 3851.2393470613893 74104.2714476025 432.795267209731 -98726.90308977541 9034.732622174724 -38330.97355038842 -4160.031322827728 -97463.61142928917 -1228.4978946909666 -80632.42774559597 -56582.57301764835 204519.43685497553 
WEIGHT 0.1375485278010309
DETERMINANT 1.334102045292701e-114
ESPERANCE 0.006688453062052391 0.004463928005886885 0.0015880379828565132 0.007376207283981937 0.0019415189631979914 0.006775966441552734 0.0021157234260615106 0.021031257143589496 0.0023736196387257255 0.010778041973648152 0.002919984808694851 0.025939511863829496 0.003544996591133915 0.020338223141073846 0.004756104039707811 0.02798056012676582 0.004809996160379178 0.024719082874938708 0.00592712184377733 0.0399280757068252
INVERSE OF COVARIANT MATRIX
152886.73065819746 -8642.525051699971 -13238.69182719483 63959.08198694546 -5425.028001351641 -29382.802254788265 -13493.354275000005 7106.108209988154 -12518.532136344178 9869.468067062207 -11468.465982634614 -2762.962477278003 -13730.913929326383 -26599.848342946734 -14673.229377907985 22413.342206851015 23055.532003779997 3290.379457222149 -85094.46744762838 2473.634217718578 
-8642.52505169996 440670.2175023852 9249.397108263753 -35703.374295416696 430.072119433105 12537.437573377623 -21271.454732771486 30902.210967993225 12982.957766375996 -26501.35613666255 -10056.100458355568 54793.662241451566 -6909.459942970516 -109331.09358567807 -13421.354463245116 11732.60670027655 44367.27814221531 -21854.41898631002 -19880.129679524875 -22221.777305163803 
-13238.691827194827 9249.397108263747 838356.0373440416 -1230.4989521013274 -9842.757493378178 -3579.969681809214 -16686.41061062067 5240.480176903143 -7117.423221478094 -2680.5531542923277 -17564.75858807584 2664.2349280963585 -6832.4344814565275 2384.020187231245 4525.758332806735 -6811.362661277518 -9812.10748487053 701.4169569602586 -32980.42688626713 3316.8601382393463 
63959.08198694545 -35703.374295416696 -1230.498952101328 570164.2695768296 -12992.476866459729 29168.67789467446 8775.911277699186 9016.153282369141 15019.52228603878 -38549.819473450174 -6331.434321452513 -66126.08326099794 664.9869549361769 -13279.539548242476 -8392.97521951612 -41513.20724074523 23518.077541919723 -20109.535386388092 75164.87069690978 31161.241913649308 
-5425.028001351646 430.07211943311626 -9842.757493378185 -12992.476866459743 848314.2318848043 10803.354092464864 13045.077284351544 -3858.2210440020967 -19929.364063344514 6313.41092908561 6156.834102206648 -1099.0556509730823 -31326.412724184705 12898.58709892832 22535.737006455376 -6068.022530759177 -13441.169758659997 10636.009728438017 -12397.496632172486 15614.24838923087 
-29382.802254788243 12537.437573377669 -3579.969681809197 29168.677894674358 10803.35409246486 730640.0256794476 1999.7166201722325 41232.29410895834 -7905.938227140504 -19177.971507583527 -1495.2114570675562 -10346.640169133363 -11610.870075967981 -65021.00162018835 4888.977460948257 33932.42631492864 -4415.966792726644 -39455.60591784368 -49842.60483561287 -54407.306044171855 
-13493.354275000007 -21271.454732771494 -16686.41061062066 8775.911277699186 13045.077284351544 1999.7166201721877 863776.0481781394 18921.259111856412 8298.405881675542 -15727.486580215069 -30184.25820573573 3855.835055144916 -13943.430884922616 -11427.579107839505 -45909.56650240763 -934.790173640806 -12985.237542335515 12408.161455641271 -48855.43428029353 -5869.224112379617 
7106.108209988158 30902.210967993185 5240.480176903153 9016.153282369147 -3858.2210440021004 41232.29410895809 18921.259111856387 605923.0300738314 -14021.660881766029 543.4471922627091 -13194.742754748031 -110675.45342364864 -15511.0069691602 -42653.25884444883 -3580.7115603621855 -23902.232772031795 20458.798498178036 -74125.8976978429 69568.83959252991 -58928.09054899952 
-12518.532136344167 12982.95776637599 -7117.423221478096 15019.522286038786 -19929.36406334451 -7905.938227140532 8298.405881675548 -14021.66088176602 865620.365973685 -9964.059295785157 -36635.357191784016 -8344.877218170339 -22027.320444113582 13163.836253395899 8357.941843329489 22112.164171503024 -23117.92567384018 -16286.452952345453 -32701.299176306282 19443.407714751163 
9869.468067062215 -26501.356136662558 -2680.553154292329 -38549.819473450145 6313.41092908562 -19177.97150758368 -15727.486580215074 543.4471922627223 -9964.059295785148 690688.885820102 -13813.856783173822 8058.9932430158715 5201.151170896233 -120095.2170026714 -12229.00236871662 12461.388120328727 15302.92149215148 -29350.929835039195 -2394.679607438416 65316.45177537865 
-11468.465982634625 -10056.100458355577 -17564.75858807584 -6331.434321452504 6156.8341022066525 -1495.2114570675362 -30184.25820573573 -13194.742754748044 -36635.35719178401 -13813.85678317382 817356.1955933183 -20940.538007928197 -64963.11981371375 -7816.592232139496 -61416.54651249791 30699.337587543047 125.79275982189013 -18916.018452850632 -38659.04111919229 9373.407986274273 
-2762.96247727796 54793.66224145164 2664.2349280963645 -66126.08326099796 -1099.0556509731184 -10346.64016913371 3855.835055144923 -110675.45342364871 -8344.877218170326 8058.993243015982 -20940.538007928204 582604.9842907289 -14849.967455953147 41186.208801545385 -17310.920536380432 -52326.0026963121 8058.361847953917 -85768.6446973813 39885.24513792139 -90476.11103165486 
-13730.913929326374 -6909.459942970512 -6832.434481456531 664.9869549361473 -31326.41272418471 -11610.87007596801 -13943.430884922602 -15511.00696916023 -22027.320444113564 5201.151170896228 -64963.11981371374 -14849.967455953092 765484.6452739678 14252.41951689092 -77534.7277593312 27661.75288363575 -73247.17336248391 -9443.114528244352 -57819.4090767759 4867.622281814228 
-26599.848342946734 -109331.09358567804 2384.0201872312437 -13279.539548242486 12898.587098928323 -65021.00162018834 -11427.579107839496 -42653.25884444891 13163.836253395888 -120095.2170026714 -7816.592232139504 41186.20880154546 14252.41951689092 494126.9987914299 11645.72007478845 -12373.887256251684 94451.55060977512 -30077.09131780511 -6604.817937899287 -32451.6340661227 
-14673.229377907937 -13421.354463245105 4525.758332806734 -8392.97521951612 22535.737006455376 4888.977460948277 -45909.56650240762 -3580.711560362164 8357.941843329487 -12229.00236871662 -61416.54651249789 -17310.92053638041 -77534.72775933119 11645.72007478845 678660.762215772 44747.149626079314 -79012.93141168967 -2658.6426899825274 -94253.3326360519 -1555.934192100406 
22413.342206851048 11732.606700276549 -6811.362661277516 -41513.20724074515 -6068.022530759153 33932.42631492864 -934.7901736407997 -23902.232772031817 22112.16417150302 12461.388120328804 30699.337587543057 -52326.00269631212 27661.75288363573 -12373.887256251697 44747.14962607926 416667.71291627793 5253.758277367576 -3303.0431872046165 27536.43098371137 -109248.1590604021 
23055.532003779987 44367.27814221531 -9812.10748487052 23518.07754191973 -13441.16975865999 -4415.966792726698 -12985.237542335492 20458.798498178043 -23117.925673840196 15302.921492151463 125.79275982188021 8058.361847953898 -73247.1733624839 94451.55060977515 -79012.9314116897 5253.75827736741 664490.1628037872 48619.67857623774 -66863.15371973027 17244.23907136049 
3290.3794572221336 -21854.418986310036 701.4169569602593 -20109.535386388106 10636.009728437999 -39455.60591784357 12408.161455641257 -74125.89769784285 -16286.452952345466 -29350.92983503924 -18916.01845285063 -85768.64469738129 -9443.114528244361 -30077.091317805087 -2658.64268998251 -3303.0431872045906 48619.678576237726 457810.0945350997 32981.586128162926 -51303.16662387865 
-85094.46744762844 -19880.129679524856 -32980.426886267145 75164.87069690986 -12397.496632172484 -49842.60483561278 -48855.4342802936 69568.83959252988 -32701.29917630628 -2394.6796074384047 -38659.041119192276 39885.24513792138 -57819.40907677588 -6604.817937899283 -94253.33263605187 27536.43098371134 -66863.15371973025 32981.586128162904 534138.9381842553 -38785.64505919987 
2473.6342177185684 -22221.777305163818 3316.8601382393454 31161.2419136493 15614.24838923087 -54407.30604417197 -5869.224112379616 -58928.09054899952 19443.407714751167 65316.45177537859 9373.407986274264 -90476.1110316549 4867.6222818142405 -32451.634066122704 -1555.934192100387 -109248.15906040223 17244.239071360436 -51303.16662387862 -38785.64505919991 131436.12244650756 
ATOM_TYPE O
NUMBER_OF_CLUSTER 2
WEIGHT 0.09806678206611524
DETERMINANT 3.312263121555548e-114
ESPERANCE 0.008484077976451334 0.0039436446302610045 0.0016510912680913503 0.0059038810687965055 0.0019273501811953387 0.006369101632832456 0.0020622168203934537 0.01912085417245354 0.0025557099309967777 0.011204803868454308 0.00282203097507207 0.023330338888655905 0.003898640637500968 0.018527702918053834 0.00502694107655814 0.022960312868824762 0.005410180792480294 0.021297168654504955 0.006338115914218732 0.030428309415372733
INVERSE OF COVARIANT MATRIX
134235.0785780592 -9019.018131566485 -12651.463031820693 41280.89183465036 474.0750042671385 -14867.96007708249 871.1317908659358 12201.031618377463 997.0953355247321 8972.30042242346 438.46733109112967 -1249.1038840443696 -16485.836003724602 -30834.153231348562 -28788.20543656631 -8768.399951204985 13200.203469281001 -857.8365615954691 -79788.13297382068 -15631.023180763854 
-9019.01813156649 495498.1541566763 -1386.587042908119 -4193.153040793424 3337.743913529915 -6355.5032603771815 -19692.12166211716 4327.256652546197 14632.134433398374 -3828.049241282961 -6333.873969932005 21579.990914956747 3945.0981232993786 -76416.93775954035 7419.451664325459 43875.64259109677 43254.15272367645 -4526.299454668689 -19155.63789528436 -37357.685295815325 
-12651.463031820686 -1386.5870429081147 824231.2010836994 -14467.324165159116 -11430.933432450367 5837.905741081515 -11205.334681203043 -2805.5971429115975 -14666.34381781392 -4377.679047383643 -27194.310076761543 6554.305599965043 -19318.90174742342 -12790.649404904232 -3727.307084234153 -5278.512069956518 -14585.187125939963 -13012.548425050983 -9414.302439385832 6480.76855977836 
41280.89183465037 -4193.15304079342 -14467.324165159127 519134.0168289513 -11080.801166095218 14355.22378696706 13313.709695902686 26819.122730086434 -24668.818339001755 -52404.10575200208 -20539.538161924254 -21257.67375378591 -10321.888504929644 -4196.323670283142 -10650.882243141908 -86740.92774755444 -22296.370377918654 -27492.405910228823 34721.87130993587 29709.180398503766 
474.0750042671407 3337.743913529911 -11430.933432450362 -11080.80116609521 853823.5083174545 5791.846873370687 -11290.821448085422 2769.7494089754973 -12270.974884580264 16300.321766867135 -16067.354770155964 768.7254597334661 -23075.28848660352 4562.589266173019 -13212.468178367462 -5051.266768509868 -33488.5670444137 -6683.289712105519 -16097.367131422001 6275.322379825764 
-14867.9600770825 -6355.50326037718 5837.905741081513 14355.22378696706 5791.846873370692 717825.0357060449 17242.528991720224 -6777.296806841076 19759.669251547046 -21892.253030040058 1572.2075869407229 -8357.951140775245 -14021.413510314555 -40467.655176325556 -947.0276103217843 33052.58025980944 11012.341551838268 -5196.523667485291 -3560.7261802698413 -44359.83799571767 
871.131790865937 -19692.121662117177 -11205.334681203043 13313.709695902695 -11290.821448085422 17242.528991720235 829561.0855070566 12893.362602157884 -10372.284597659002 16023.084492306638 -14855.110715746698 17187.013760828388 -11633.486278904078 -26769.35804439978 -14921.971291139347 9131.498036634563 5229.041493393391 -2001.5462252519324 -21641.406544045934 -3849.0136563874375 
12201.03161837747 4327.25665254625 -2805.597142911596 26819.122730086485 2769.749408975507 -6777.296806841042 12893.36260215788 528856.8897514007 -3191.3973680840604 -30652.507485223006 -3790.9996359959196 -104040.25523400871 11173.245351829317 -35789.54118266616 28270.689940911998 2324.994365174953 -7213.9625630485425 -56660.07178453232 39487.497320706076 -64697.9595485757 
997.0953355247337 14632.134433398374 -14666.343817813919 -24668.818339001748 -12270.97488458027 19759.669251547046 -10372.284597659005 -3191.397368084062 849585.4461736365 22027.11109863462 -35554.153932837195 -11239.003545241312 -1088.2940676266628 -14281.807960865579 12500.118493730002 -9921.244335021407 -28838.931949313377 -11778.684635717627 -6273.319706636782 13531.03340558868 
8972.300422423485 -3828.0492412829667 -4377.679047383639 -52404.10575200204 16300.321766867146 -21892.253030040058 16023.08449230664 -30652.50748522299 22027.11109863463 593365.1497426796 -11415.49239516822 9119.420096330598 -16058.641235169807 -111054.19185230625 -14146.296683221606 -8366.320227515382 18843.90246070331 -28043.03806115384 604.149357246276 64423.39778290588 
438.46733109113416 -6333.873969932009 -27194.31007676155 -20539.53816192425 -16067.354770155964 1572.2075869407188 -14855.110715746694 -3790.9996359959114 -35554.1539328372 -11415.492395168216 867957.3472492821 1604.0830724787725 -26936.190658047566 -9753.291250597133 -28125.887466326167 9110.197492412148 -30039.409725591162 3315.4497323206297 -40707.830345739065 1459.8145844867609 
-1249.103884044394 21579.990914956717 6554.305599965028 -21257.673753785977 768.7254597334627 -8357.95114077527 17187.01376082838 -104040.25523400879 -11239.003545241327 9119.420096330547 1604.0830724787807 565528.9359394071 5267.785141520916 26991.93853815755 15966.094435965613 -62975.57788203707 2545.8097405180965 -61052.512684729525 30316.378208232567 -99845.627405786 
-16485.836003724606 3945.098123299372 -19318.90174742341 -10321.888504929635 -23075.288486603513 -14021.41351031457 -11633.48627890407 11173.245351829319 -1088.2940676266626 -16058.641235169795 -26936.190658047577 5267.785141520902 775124.9865379314 23933.176654992938 -97633.4931054849 3257.036352111228 -70078.88403695112 17054.323131552075 -36846.87761307072 -4659.839560371525 
-30834.153231348617 -76416.93775954032 -12790.64940490424 -4196.323670283194 4562.589266173007 -40467.655176325556 -26769.35804439978 -35789.541182666166 -14281.8079608656 -111054.19185230625 -9753.291250597122 26991.938538157476 23933.176654992963 435497.62430219393 29007.972080601816 -45621.99515725158 81984.51151228092 -65777.84629860024 -27700.53804426787 -29791.429743062872 
-28788.20543656632 7419.45166432544 -3727.307084234159 -10650.882243141905 -13212.468178367459 -947.027610321797 -14921.97129113935 28270.689940911987 12500.118493730002 -14146.296683221606 -28125.88746632616 15966.094435965564 -97633.49310548487 29007.972080601838 662018.8138181863 -6191.937917162341 -80996.0256385932 6893.779309626125 -110882.66163721663 -8507.828117553885 
-8768.399951204994 43875.6425910968 -5278.5120699565205 -86740.92774755438 -5051.266768509862 33052.58025980945 9131.498036634588 2324.9943651750878 -9921.24433502139 -8366.320227515305 9110.197492412155 -62975.577882037025 3257.0363521112536 -45621.99515725175 -6191.93791716233 320728.10776022554 -42810.89000269365 -89887.43452115326 3689.61248375602 -105750.70285100164 
13200.203469281001 43254.15272367644 -14585.187125939963 -22296.37037791868 -33488.56704441372 11012.341551838264 5229.041493393389 -7213.9625630485125 -28838.931949313377 18843.902460703306 -30039.40972559115 2545.809740518078 -70078.88403695112 81984.51151228095 -80996.0256385932 -42810.890002693624 659092.0287335189 3052.4112653813872 -54327.34888519225 19681.65405138406 
-857.8365615954342 -4526.299454668723 -13012.548425050982 -27492.40591022884 -6683.289712105524 -5196.523667485282 -2001.5462252519467 -56660.07178453242 -11778.684635717618 -28043.038061153828 3315.449732320632 -61052.512684729736 17054.323131552057 -65777.84629860026 6893.7793096261275 -89887.43452115326 3052.411265381391 416991.8485356351 14198.95315914012 -72465.29347435909 
-79788.1329738207 -19155.637895284326 -9414.302439385834 34721.87130993586 -16097.367131421992 -3560.726180269806 -21641.40654404594 39487.497320706054 -6273.319706636787 604.1493572462906 -40707.83034573905 30316.37820823261 -36846.877613070734 -27700.538044267934 -110882.6616372166 3689.6124837560687 -54327.348885192274 14198.953159140145 584573.5286326169 -45677.038490761945 
-15631.023180763847 -37357.68529581537 6480.768559778372 29709.180398503813 6275.322379825766 -44359.83799571772 -3849.0136563874407 -64697.9595485757 13531.033405588683 64423.39778290586 1459.8145844867497 -99845.6274057859 -4659.839560371544 -29791.429743062803 -8507.828117553909 -105750.70285100173 19681.654051384074 -72465.29347435918 -45677.03849076191 183522.89843159798 
WEIGHT 0.10423557576264238
DETERMINANT 7.3604845120089335e-115
ESPERANCE 0.005222700439106614 0.004549749987844792 0.0015463857849572586 0.0071340840787257245 0.0017034089956209327 0.00664896960906741 0.0018434692288858503 0.02176698648970783 0.0022666644303734576 0.010801406744260748 0.0024412309355119643 0.026740856640999712 0.003173313084523331 0.020316139472208672 0.004047092291147632 0.029192745014605972 0.004306315764761877 0.025270537861426502 0.00512025410985973 0.0412394269077383
INVERSE OF COVARIANT MATRIX
181812.07749044837 11338.96511055832 -15709.511949900545 60516.067722895445 -10284.046787327501 -27750.759716351586 -10054.60618179021 12588.606872152042 -19673.80525372987 6763.214415650289 -5797.632236973359 -20043.3430284659 -21663.593090076 -5188.787765475774 -21597.38572398299 18135.722095474855 -2850.814882139522 -1543.3831857005837 -82628.24955148864 -647.0689936287052 
11338.965110558323 444531.13794882776 12078.84936787006 -40156.67004632147 3957.5479528291803 17972.614953970664 -8931.398056687218 20867.041349290543 12626.483635027187 -42939.642311721494 -11163.1393042492 63758.5141540643 5496.200503346311 -84692.13678225443 -120.78609422179643 -10288.980710171965 31964.00208235841 -13448.997535500685 -9664.054940564936 -12808.589972269945 
-15709.511949900549 12078.849367870067 831090.0328279596 4560.460601218295 -10513.564888487486 -5606.036416501495 -14943.093114966712 -1326.5434532148581 -14542.463457958442 103.47969426840972 -21328.15954810819 -1275.473725125742 -20042.285651514994 -3331.9980909327182 -6212.0557930921095 -4873.376832687597 -14123.457258605087 -9460.73858027306 -33168.32424699276 -2203.087320425531 
60516.06772289542 -40156.670046321495 4560.460601218294 576290.015697327 -12707.988282526665 14097.195471235484 7074.887878533106 5909.485128505329 -8040.271886416803 -38071.54398848199 6024.197337937195 -94417.87201182185 8600.258857050581 5403.1764622772935 13171.572552193442 -31096.48961379702 22917.411679524343 -11666.098444521744 64009.28687440461 46628.67803079081 
-10284.04678732749 3957.5479528291776 -10513.564888487488 -12707.988282526656 863102.120119233 21434.741909720244 -21253.260016860666 -1838.4758837432034 -25709.79722682446 8458.768370198664 -9781.307467251596 5869.202408451861 -25633.612596615756 -5158.3113861003385 -20861.412772948424 -3686.326052512552 -14345.55143732147 1029.5592800799593 -16794.2004409648 13405.198711148132 
-27750.759716351582 17972.61495397067 -5606.036416501504 14097.195471235478 21434.741909720255 732697.9695669264 17377.740242217482 27675.647374260712 13040.091640966308 -32578.660846008715 0.4419043743164115 -31820.619211785153 -6610.934739768672 -51226.636156214554 538.5182707302237 31000.627238944307 -4664.05836224769 -61181.48727698978 -37974.8172035219 -26365.72395918897 
-10054.606181790205 -8931.398056687225 -14943.093114966727 7074.887878533112 -21253.26001686066 17377.74024221749 834696.5205402725 15974.398277239752 -16047.293774575954 778.1171705694608 -23364.371618734443 26952.733245334643 -19205.348908631364 -26691.465686328436 -40393.93684952628 -8725.88329175578 -7254.768857159406 -5866.1459161126395 -16509.84680309122 2355.636246608736 
12588.606872152033 20867.041349290528 -1326.543453214862 5909.485128505322 -1838.4758837432323 27675.647374260716 15974.398277239747 581350.5034525994 24526.596491413038 -22859.38183345841 6419.868678753835 -124715.6102919949 -5860.7589866306 -40747.29403775894 -10991.363048614443 -23515.23972042061 17946.03042611511 -74322.05131232819 64820.96556958983 -44257.42973748294 
-19673.805253729864 12626.483635027189 -14542.46345795844 -8040.271886416806 -25709.797226824452 13040.091640966319 -16047.293774575957 24526.59649141306 843380.7620205369 13811.507785541162 -31012.583603435836 -26971.587634073214 -25078.394881806777 -5640.251703974134 -18852.435765052363 18117.512831601423 -29446.541637577866 -4280.373634122893 -17994.93277958041 12362.023110417253 
6763.214415650298 -42939.642311721516 103.47969426840994 -38071.54398848201 8458.768370198666 -32578.66084600871 778.1171705694617 -22859.3818334583 13811.507785541196 677037.6152329784 -3050.8898189846627 -9214.768744582845 -2571.842237362653 -124224.76722531393 -8258.985537801616 19576.974389007995 6353.905983858793 -23468.83793728263 7688.165302835056 73479.38597974865 
-5797.632236973359 -11163.1393042492 -21328.159548108197 6024.197337937191 -9781.307467251609 0.441904374307843 -23364.371618734443 6419.8686787538345 -31012.58360343585 -3050.8898189846627 870911.9240389417 -497.8347679370634 -35571.16666609779 -6077.457252899496 -43612.199812424406 19521.454356641312 -30355.74263336628 5146.232301183116 -38923.808784861205 1614.928195659001 
-20043.343028465893 63758.514154064294 -1275.4737251257409 -94417.8720118218 5869.2024084519035 -31820.61921178519 26952.733245334635 -124715.61029199476 -26971.587634073232 -9214.76874458272 -497.83476793706905 551866.004319391 -228.53932161109904 55130.004851108846 5541.9609470604055 -7101.391935206332 2825.8749846402266 -72628.45058998156 31971.44743576482 -91397.75149827577 
-21663.593090076 5496.200503346315 -20042.285651514983 8600.258857050565 -25633.61259661578 -6610.9347397686615 -19205.348908631375 -5860.758986630598 -25078.39488180678 -2571.842237362655 -35571.16666609779 -228.53932161108423 809215.1454475676 12895.975000822926 -83189.42596860565 15033.193346267537 -71597.28943920495 -6628.615198489387 -71607.33370561163 4019.9159060482566 
-5188.787765475777 -84692.13678225441 -3331.9980909327146 5403.176462277293 -5158.311386100332 -51226.636156214554 -26691.465686328433 -40747.29403775891 -5640.251703974139 -124224.76722531389 -6077.457252899499 55130.004851108824 12895.97500082291 509889.8909742273 23164.060417318935 -24314.722929400832 78974.4045797492 -23316.527073620553 4063.8896977543845 -28108.814519028652 
-21597.38572398298 -120.786094221786 -6212.055793092106 13171.57255219346 -20861.412772948403 538.5182707302138 -40393.93684952628 -10991.363048614534 -18852.435765052378 -8258.985537801589 -43612.1998124244 5541.960947060355 -83189.42596860569 23164.060417318935 717386.2815086402 28883.104069699206 -93580.83776316808 -8047.969183288774 -105061.26805890717 5763.676451179936 
18135.722095474845 -10288.980710171954 -4873.376832687593 -31096.489613797014 -3686.3260525125515 31000.627238944275 -8725.883291755787 -23515.23972042078 18117.51283160138 19576.97438900794 19521.454356641298 -7101.391935206159 15033.193346267499 -24314.722929400832 28883.104069699228 408488.1554540107 26055.32140927153 -3429.614191497051 20574.113016092382 -117681.58805264274 
-2850.814882139527 31964.002082358376 -14123.457258605078 22917.411679524303 -14345.551437321481 -4664.058362247696 -7254.768857159382 17946.030426115194 -29446.541637577855 6353.905983858783 -30355.742633366288 2825.874984640239 -71597.28943920492 78974.40457974917 -93580.83776316812 26055.321409271583 678536.9412711603 25538.727285851823 -94212.33477156996 24707.14738442115 
-1543.3831857005764 -13448.997535500679 -9460.738580273055 -11666.098444521736 1029.5592800799548 -61181.48727698977 -5866.145916112638 -74322.05131232811 -4280.373634122883 -23468.83793728267 5146.232301183111 -72628.45058998161 -6628.615198489394 -23316.52707362058 -8047.969183288772 -3429.614191497096 25538.7272858518 448623.49685556965 26743.994766140422 -46629.36491086608 
-82628.24955148867 -9664.054940564934 -33168.32424699276 64009.286874404635 -16794.200440964778 -37974.817203521896 -16509.846803091204 64820.96556958977 -17994.932779580402 7688.1653028350565 -38923.8087848612 31971.44743576482 -71607.33370561159 4063.889697754363 -105061.26805890711 20574.113016092357 -94212.33477156998 26743.99476614043 542579.4832832156 -27865.747099255605 
-647.0689936286966 -12808.589972269947 -2203.0873204255317 46628.67803079078 13405.198711148128 -26365.72395918895 2355.636246608746 -44257.42973748291 12362.023110417278 73479.38597974865 1614.9281956590037 -91397.75149827581 4019.9159060482752 -28108.81451902864 5763.676451179894 -117681.5880526427 24707.147384421212 -46629.36491086604 -27865.747099255652 137694.27353300154 
