NUMBER_OF_DIMENSION 20
CUTOFF_RADIUS 8.
STEINHARDT_STYLE Multi
AVE_STYLE Multi
ATOM_TYPE Mg
NUMBER_OF_CLUSTER 3
WEIGHT 0.04723826544389498
DETERMINANT 1.5813897318378388e-116
ESPERANCE 0.003152593718787949 0.00259256401315878 0.0018655946926341856 0.0043619194636525934 0.0018908854688246236 0.00422451313159683 0.002298658527599217 0.016902378383465574 0.0030206691292588438 0.008384446224634178 0.0035045936135806826 0.01841280918544273 0.005318429002233863 0.01515711013977103 0.0053024501450104795 0.026411965302243493 0.006443212883441615 0.019037180383825136 0.005496802061821028 0.03279418865580209
INVERSE OF COVARIANT MATRIX
385048.869063644 16262.480873882185 17582.067754080726 6522.068326870515 -1852.0029685957218 -18261.940628139175 -14436.144955585896 -61779.88904459243 -4296.402297357629 4710.405037206791 -23756.970519627583 -59768.04558280531 15707.28959360978 -9531.733534441883 9638.04206127816 51967.39565378179 8869.083513801177 -45949.97128988152 11963.137477459351 -19249.092575052044 
16262.480873882183 694582.0801652547 2362.6583168144894 -43027.076022532594 -4448.129357332249 -25981.704152417995 -12652.947123881448 15347.20405793444 -1969.0282309398913 -7137.500896466158 21144.88418294828 -56390.229094474 31732.479308924976 -7685.146312111778 3420.88133616439 -41817.74390580004 34628.6843136338 -8358.243578116551 1166.9980499939945 62920.66364874192 
17582.067754080726 2362.658316814495 836028.0739084614 3759.5944701136445 -17324.692861078598 12128.707273467799 18505.112035124374 -38433.279135613564 -4271.376400091145 6447.897180361037 21667.070763972348 -4890.148067966769 -24978.786191991214 1573.7383002189388 -9865.632194856064 30156.08829753935 -15969.330687255237 11017.005524017057 -24371.371981332868 -10569.10033856234 
6522.068326870509 -43027.076022532594 3759.594470113636 784122.3675586707 6156.172922929004 -32580.192211860685 -18860.852735202916 6120.966726079943 24.213741366937164 -22079.21133026605 9404.690930456922 -64661.31092703925 29361.137796273222 -21842.04795753863 6939.599025927808 -65728.48366560625 5888.790781542918 -5888.633979646153 -167.8319218961058 22972.179316413432 
-1852.0029685957222 -4448.1293573322455 -17324.692861078598 6156.172922929006 917002.5822883049 1576.4813152068268 7094.821882721714 -10422.867434697531 -1573.8845808415324 21346.35932544402 3603.3423856814243 -15279.904298886564 -5790.9923675644195 5146.8604004050985 1795.5436646019566 7787.230583651288 9255.100041705431 -8442.357228897305 -12309.614848471574 -16785.122809449655 
-18261.940628139182 -25981.704152417988 12128.707273467806 -32580.192211860704 1576.4813152068264 835233.9297337544 -11714.226679614512 7594.948225816828 4382.592835741118 6205.255047455518 -3323.6437016433088 -98712.3796988079 22801.91192627233 8446.608990123726 11529.260835241499 -58143.584366807605 34290.545724091644 -87224.96723080776 12949.209226927327 6998.623266138671 
-14436.144955585896 -12652.947123881442 18505.11203512437 -18860.852735202923 7094.821882721716 -11714.22667961451 895205.667308999 6794.93390520299 -8334.756326992918 -28130.1482852016 -18986.400483093672 -15804.581094731095 22080.04325049978 -29139.90068588346 -5224.855383028349 -32289.603915313 -7866.169630260704 -7557.000704801379 -4422.259936545379 -7968.193951847668 
-61779.889044592426 15347.204057934458 -38433.279135613586 6120.966726079959 -10422.86743469754 7594.948225816835 6794.933905202991 595256.6414063246 -36401.62798423571 -4043.9268425126834 -3555.942162851933 -118866.75900454569 -30906.90483198377 -60673.37469723592 25144.883196750045 118780.54041811776 10021.3532364366 -79521.31162929417 50212.56114619419 -81467.9920430839 
-4296.402297357626 -1969.0282309398904 -4271.376400091143 24.213741366932947 -1573.8845808415317 4382.592835741117 -8334.756326992914 -36401.62798423571 873857.5602731473 -38137.817395520426 -13640.859293284428 -20051.752555270294 -19370.405440742205 -6997.601739908186 101.8233214242691 -3225.9101768532423 -23414.621452070816 -2672.742606559488 25524.588901811545 -23031.859874482456 
4710.405037206791 -7137.500896466161 6447.897180361034 -22079.211330266036 21346.359325444013 6205.255047455515 -28130.148285201605 -4043.9268425126916 -38137.817395520426 707750.3458764027 -11245.247277779605 17604.27691024526 -9542.106647791035 -53725.78426315663 11505.935169875584 -31936.540648144583 -27154.844830882023 -40926.74350542905 28767.094239295046 41813.985016891274 
-23756.970519627594 21144.88418294828 21667.07076397234 9404.690930456922 3603.342385681425 -3323.6437016433115 -18986.40048309367 -3555.942162851936 -13640.85929328443 -11245.247277779608 841943.488968485 31784.064186584485 -7830.450547186389 -10491.830187411928 -2189.8119961938332 7040.443757221902 -24687.54001692739 -28513.279256870966 18887.701750206554 10904.02593390547 
-59768.045582805324 -56390.22909447397 -4890.148067966765 -64661.31092703925 -15279.904298886557 -98712.37969880793 -15804.581094731091 -118866.75900454567 -20051.7525552703 17604.276910245244 31784.06418658448 519073.1713883312 77217.38073153378 -1147.9608105261693 20692.25726064922 -33834.19928543675 72142.07648342813 -91040.37799340219 13112.148127761393 -60997.807626824244 
15707.28959360977 31732.479308924987 -24978.786191991207 29361.137796273208 -5790.992367564419 22801.911926272347 22080.043250499784 -30906.90483198376 -19370.405440742208 -9542.106647791034 -7830.450547186387 77217.38073153378 817590.402490416 15073.467053023534 -2181.2633605192686 42130.11976192945 -62586.32556368215 7542.291423134287 1301.6380584715596 -31116.81509769422 
-9531.733534441892 -7685.14631211178 1573.7383002189454 -21842.04795753864 5146.860400405101 8446.608990123723 -29139.900685883455 -60673.37469723593 -6997.601739908185 -53725.78426315663 -10491.830187411924 -1147.9608105261552 15073.467053023533 698520.9316475872 1218.8776971437203 -45005.90284333614 -1963.2867822929184 -12770.197803207653 11889.89037605971 -962.264742299355 
9638.042061278155 3420.8813361643975 -9865.632194856062 6939.599025927804 1795.5436646019552 11529.260835241488 -5224.855383028347 25144.88319675004 101.82332142427022 11505.935169875576 -2189.811996193835 20692.25726064922 -2181.263360519277 1218.8776971437214 760833.8634504884 2768.1314246126203 -51491.00615820714 46183.262390000586 -112411.2582949129 -1406.0777827580441 
51967.39565378179 -41817.743905800024 30156.08829753933 -65728.48366560621 7787.230583651287 -58143.58436680763 -32289.603915313004 118780.5404181178 -3225.910176853241 -31936.540648144593 7040.443757221902 -33834.199285436756 42130.11976192947 -45005.90284333614 2768.131424612619 381935.05349120474 9354.02145838817 -49531.53111339029 -5973.5807337338265 -115329.66051678492 
8869.08351380118 34628.68431363381 -15969.330687255253 5888.790781542932 9255.100041705433 34290.545724091666 -7866.169630260703 10021.353236436615 -23414.621452070834 -27154.84483088203 -24687.54001692739 72142.0764834281 -62586.32556368217 -1963.2867822929256 -51491.00615820715 9354.021458388153 801868.5922594367 54246.905440814175 -60488.000000129425 -23135.283492156817 
-45949.97128988152 -8358.243578116551 11017.005524017066 -5888.63397964618 -8442.357228897312 -87224.96723080774 -7557.000704801379 -79521.31162929418 -2672.742606559497 -40926.74350542904 -28513.27925687097 -91040.37799340223 7542.291423134286 -12770.197803207659 46183.26239000059 -49531.53111339031 54246.90544081415 480922.9190220396 56674.12488239579 -36409.41250758848 
11963.137477459368 1166.9980499939995 -24371.371981332853 -167.83192189611285 -12309.614848471574 12949.209226927336 -4422.259936545378 50212.56114619416 25524.588901811545 28767.094239295053 18887.701750206554 13112.148127761406 1301.6380584715632 11889.890376059722 -112411.25829491286 -5973.5807337338365 -60488.00000012942 56674.124882395765 700119.0444225004 -19870.668954853303 
-19249.092575052047 62920.66364874187 -10569.100338562335 22972.179316413425 -16785.122809449655 6998.623266138651 -7968.193951847676 -81467.99204308394 -23031.85987448246 41813.985016891274 10904.02593390547 -60997.8076268242 -31116.81509769422 -962.2647422993418 -1406.077782758044 -115329.6605167849 -23135.283492156836 -36409.41250758849 -19870.668954853318 232479.37384373182 
WEIGHT 0.07449165453965702
DETERMINANT 6.183430877155195e-117
ESPERANCE 0.004955630302727462 0.002290880038043195 0.001711918546101938 0.004340838890182698 0.0020366282393201205 0.0051289833060988044 0.002731048770476819 0.018254541918605944 0.003477097105307897 0.007899751634004012 0.0035798006418147265 0.021342361639051236 0.0050405884095429026 0.015611422521572264 0.00510544460814883 0.030280861512087344 0.006083240052160565 0.021024399469271655 0.005279839886313012 0.04214202559898397
INVERSE OF COVARIANT MATRIX
442006.80499809806 45304.85896630736 1004.109344180333 22750.23231667683 10998.419637372492 -5516.157070150005 -60.940168374491115 -82755.27332964996 1574.2379223137464 -7862.151952969492 -63514.186683055545 10680.338675292249 -11408.005224934008 -15688.154391382235 11391.378703811662 106613.64440564466 -24875.9601318862 -71278.27491416661 -7783.26365136036 -80216.07335374798 
45304.85896630738 729097.8914514304 -4193.769091977758 -12811.661008499254 6405.574194652678 -18825.056555417323 6171.702289911005 -13927.692522107498 -2216.8416273633147 -21036.591361867206 16213.834513452543 -25981.07204779046 1137.7470466253867 -8634.227142799651 24921.53876409415 7297.7047885466345 25081.197195265024 -26795.13960422614 24804.61995276506 29426.823768220827 
1004.1093441803397 -4193.769091977761 851145.0506206326 -9915.63360207727 -14797.024967431744 10065.781611173365 6918.571750072058 -42801.906530068954 -21.87127026179011 -16368.163226050312 3939.7228299815324 -647.1045265908207 -19834.897886295425 -1110.7761462891608 9813.227158742771 15788.241183325154 -30960.442459835238 -6335.497402920996 -26238.485721660327 11010.598407545229 
22750.232316676815 -12811.661008499232 -9915.63360207725 808989.4724882932 -8372.294192843847 -33795.84565729473 -6349.527713122077 -17243.314446447235 9388.786677902219 -35421.65578212079 15677.656355416988 -48964.46955820671 30740.83758433468 -24123.536653289266 11466.507881013116 -34420.07366348634 11155.911137517873 -75337.47585424285 -1112.0877830197383 90607.45891230728 
10998.419637372486 6405.574194652676 -14797.024967431737 -8372.29419284385 938646.0331377 -12117.512558026428 2239.9550198795473 20679.561907258925 3043.363413139631 11946.241350120321 -2490.4121599832933 -13084.90969781061 -819.1191742798034 -4907.332464491125 -8075.524329280416 -5307.8964207692225 -8576.374358423724 -20390.432943573924 -22036.405891234976 7620.558039964447 
-5516.157070150004 -18825.05655541732 10065.781611173363 -33795.84565729471 -12117.512558026423 881485.1631001844 -3622.4419377489935 18218.02895355759 14998.731971566856 1791.1328278284866 -10607.092789924563 -58968.6393386941 17765.636433212487 1935.6662451758607 -4788.483261775182 -26488.302952022634 32686.59755048013 -92875.89497289431 4471.609070282419 -8436.506115269953 
-60.94016837448428 6171.702289910995 6918.571750072053 -6349.52771312208 2239.955019879546 -3622.4419377489885 909924.5489975413 32881.03580503362 11718.998748115582 -8658.424751323546 -26774.771664965006 -5067.519200298514 34337.72348410043 -2066.1080728812326 35763.287263133585 -48822.695266390045 -3536.724103763884 22143.59268556001 -295.37759354702575 -13559.572397263604 
-82755.27332964995 -13927.692522107496 -42801.90653006897 -17243.31444644719 20679.561907258932 18218.028953557587 32881.03580503363 648763.6841639918 -31757.525767347975 -33253.5033153048 31864.37570184238 -90732.42558251724 -55845.114176092415 -15256.081967647056 43590.44042315318 111784.393815694 13127.301609548571 -88943.7043244748 58231.776765226576 -51707.102214994266 
1574.2379223137593 -2216.8416273633266 -21.871270261796813 9388.78667790224 3043.36341313963 14998.731971566858 11718.998748115575 -31757.52576734797 925174.2463902794 -5083.603988638863 11385.868155762812 4047.1748669309172 -30566.66177353929 1369.0636888028644 -6419.7453608581945 3544.8960201757377 -12426.086621571032 23086.526091223135 12842.080315210107 -35769.203761220284 
-7862.151952969485 -21036.59136186722 -16368.163226050307 -35421.6557821208 11946.241350120321 1791.1328278284868 -8658.424751323542 -33253.50331530481 -5083.603988638857 781599.0750744246 38619.21069255621 38982.516140504624 -9675.107333732798 -38874.749423885 18995.524927970928 -34965.44976608929 6398.396072567896 -47122.43148169477 11509.314246169135 41967.31411108735 
-63514.18668305555 16213.834513452546 3939.7228299815292 15677.65635541699 -2490.412159983291 -10607.092789924558 -26774.771664965003 31864.375701842386 11385.86815576281 38619.210692556226 844156.9697716392 26871.90532287888 16910.365710822563 -4017.839557732954 16418.582109466828 34710.18152338002 -27198.67686498102 -22135.452594735656 -18544.452755814422 -25976.222189970787 
10680.338675292252 -25981.07204779046 -647.1045265908342 -48964.46955820671 -13084.909697810614 -58968.63933869409 -5067.519200298521 -90732.42558251723 4047.174866930925 38982.5161405046 26871.905322878894 680536.0061169335 59337.088003253855 -3795.5573014609668 12734.986372456662 -29352.881092732303 67571.06099663724 -84515.8728671766 20863.295123212618 -77225.43474281911 
-11408.005224934 1137.7470466253899 -19834.89788629543 30740.837584334702 -819.1191742798063 17765.636433212494 34337.72348410043 -55845.1141760924 -30566.661773539312 -9675.107333732802 16910.365710822567 59337.08800325383 839895.7479265969 13002.233601931586 -24178.927584078585 65201.37160728399 -43115.979031233386 17946.52261901049 4828.6573035767515 -41978.43956783835 
-15688.154391382226 -8634.227142799653 -1110.7761462891665 -24123.53665328926 -4907.332464491125 1935.6662451758639 -2066.108072881231 -15256.081967647055 1369.0636888028664 -38874.749423885 -4017.8395577329516 -3795.5573014609604 13002.233601931594 805189.0153073973 11619.063144850434 -17924.10346328824 -7081.619706140524 -9614.43866370134 -9677.17610967952 -25778.434974947482 
11391.378703811662 24921.538764094144 9813.227158742771 11466.507881013133 -8075.524329280415 -4788.483261775177 35763.287263133585 43590.44042315319 -6419.745360858197 18995.52492797092 16418.58210946683 12734.986372456662 -24178.927584078592 11619.063144850435 806178.7680658917 -306.69754898456216 -24538.191007261397 32836.363876757976 -86378.72393285803 -11605.83231999639 
106613.64440564469 7297.704788546641 15788.241183325132 -34420.07366348629 -5307.896420769215 -26488.30295202262 -48822.69526639009 111784.39381569404 3544.8960201756927 -34965.44976608927 34710.181523380044 -29352.881092732423 65201.371607283945 -17924.10346328824 -306.6975489845591 521133.1977849027 30235.857217941575 -7619.2200944467795 9105.595541415223 -162760.7017718312 
-24875.960131886193 25081.197195265 -30960.442459835238 11155.911137517869 -8576.374358423727 32686.597550480157 -3536.724103763892 13127.301609548593 -12426.086621571027 6398.396072567898 -27198.67686498099 67571.06099663723 -43115.979031233364 -7081.6197061405255 -24538.19100726141 30235.857217941608 873125.9157475499 57437.0949429973 -63353.24648179502 -21627.684903553585 
-71278.2749141666 -26795.139604226155 -6335.497402920998 -75337.47585424289 -20390.43294357393 -92875.89497289428 22143.592685560012 -88943.70432447478 23086.52609122314 -47122.43148169477 -22135.452594735656 -84515.87286717661 17946.522619010495 -9614.438663701336 32836.36387675798 -7619.220094446777 57437.09494299731 544386.3037437786 41125.70141167399 6554.944155638705 
-7783.26365136035 24804.619952765064 -26238.485721660323 -1112.0877830197387 -22036.40589123498 4471.609070282423 -295.3775935470276 58231.77676522658 12842.080315210105 11509.314246169135 -18544.452755814433 20863.295123212603 4828.657303576746 -9677.176109679518 -86378.72393285803 9105.595541415221 -63353.24648179502 41125.70141167399 777580.5180220762 -1563.355744253924 
-80216.07335374798 29426.823768220835 11010.598407545247 90607.45891230722 7620.558039964449 -8436.50611526997 -13559.572397263595 -51707.10221499428 -35769.20376122027 41967.314111087355 -25976.22218997079 -77225.43474281908 -41978.439567838344 -25778.43497494747 -11605.83231999639 -162760.7017718312 -21627.684903553574 6554.944155638707 -1563.3557442539282 143643.5634362939 
WEIGHT 0.1007709982907516
DETERMINANT 8.225322889071806e-117
ESPERANCE 0.0027377909863110874 0.0020885885561036624 0.001854530266368013 0.0036923277682000613 0.0020082926373299406 0.0042461041546787625 0.002347805314058267 0.01705196923314802 0.0032177642871693505 0.008079630103539485 0.0035469652677689663 0.018438874096563578 0.005858866681205784 0.015357139695836812 0.0054078263613073375 0.028843978358738625 0.006832484523380715 0.019341879066439138 0.00579669580980523 0.03940308447812331
INVERSE OF COVARIANT MATRIX
542715.1289466555 4034.395084211437 39931.57733791756 -15187.243067708278 12029.463578796958 -15093.40909161163 -18476.538406253567 -32638.680798647674 12913.391183466922 7356.049361175227 -18641.070142300796 -23884.604109240725 24438.691662987556 -32875.20089328563 -8606.412956316568 52299.8187328241 1651.6019350847496 -45633.24982195236 -918.6977109489563 -26576.4161837758 
4034.395084211431 707959.5759066296 7255.546214759295 -3366.3092534407597 6867.172885267514 -20767.214609178445 -5665.531525502062 16360.294833167 -21302.306064193795 -39567.91628539805 -8120.3804144070555 -19938.971045077455 441.1123528303765 14675.167669215683 5502.30908372969 -25298.794865406795 4043.0784751914907 -25626.24540479591 8049.0034624037735 15225.39344824255 
39931.577337917566 7255.546214759298 858370.3542344774 -4495.878804738524 -10052.767834002636 9721.192265432232 12750.636075596976 -44139.896397951976 -3420.9716275058686 10558.328197744255 24822.30786140773 -7829.376120118062 -23681.785744919176 5003.933999158691 -18282.641248700278 31002.55351381926 -25658.1069528745 -3394.338136018915 -29570.209461901843 13622.557453993128 
-15187.243067708314 -3366.3092534407283 -4495.878804738444 787258.6059238837 17546.161830096215 -23672.634420982726 -23173.699186170514 4755.813078882816 13301.530276588317 -31486.18198644893 -796.7458835177196 -33775.16256968369 19846.814740245536 -19402.87529515937 -13176.588720481965 -81492.56267883659 -5724.609090499829 -38782.458715830864 -1029.0968546198785 114509.7150140843 
12029.463578796956 6867.172885267528 -10052.767834002634 17546.16183009622 930310.8810414638 6004.903635210042 9306.870984729292 -13022.202055146588 9613.042929015623 35608.72581880613 14223.605449953935 -8087.621304692088 -3666.6215767885815 4919.135407740501 -641.5936477344964 29179.89328281842 13193.460639216044 20619.649257714635 -22399.67490502483 -23684.008982643125 
-15093.40909161163 -20767.21460917844 9721.192265432232 -23672.634420982744 6004.903635210039 889062.8669901774 -6246.870304143228 33697.58264632445 -2009.6770146239405 -16906.674040764825 -11053.053069060994 -53826.491346494986 5103.586862807257 14921.133830837132 1854.2543709608087 -59936.153793803554 3562.07802496341 -36615.89846675652 -5061.988185676699 -11562.841873521704 
-18476.538406253563 -5665.531525502064 12750.63607559698 -23173.69918617054 9306.870984729292 -6246.870304143235 918117.8402188839 -5328.121241552895 -696.6025728445484 -29621.189586730117 -9389.794016353151 -5423.769950402468 7631.091522946095 -48975.590763886066 -15339.036059786935 -34014.573766848014 -6491.783340025618 -14175.826678642225 -12258.112281189184 -2856.194424328413 
-32638.68079864768 16360.294833167007 -44139.89639795196 4755.813078882993 -13022.20205514656 33697.58264632447 -5328.121241552904 657025.1162856426 -34194.27482208796 -45.14089535650541 -10034.357452572216 -38146.47087573972 -36286.87659254397 -86309.58028070822 25693.24661050371 169452.12433195647 -9157.243028764697 -132355.21616742495 58607.7685166817 -77176.61006495763 
12913.391183466914 -21302.306064193795 -3420.9716275058686 13301.530276588284 9613.042929015615 -2009.6770146239405 -696.6025728445479 -34194.274822087966 876630.9713046321 -51626.646576004954 -36025.169699591504 -12573.011728626569 -22006.01459254464 12981.9999841957 7344.5646362082725 -20441.11827834622 -30998.117209939606 -38928.60213574767 52874.32280524454 -13783.363390783014 
7356.049361175231 -39567.916285398074 10558.328197744251 -31486.181986449228 35608.725818806124 -16906.674040764836 -29621.189586730117 -45.140895356508956 -51626.64657600498 732193.2402966892 -42058.91540696224 7642.932936471157 -11871.36715276669 -33788.20743264053 7798.283700146567 -78695.58124550078 -30266.87407843268 -85667.74120564951 49007.75130655183 56933.15455464512 
-18641.070142300803 -8120.38041440705 24822.30786140773 -796.7458835177059 14223.605449953933 -11053.053069061 -9389.794016353153 -10034.35745257221 -36025.16969959151 -42058.915406962224 880966.4576384632 22367.349516453174 -11888.360202735113 -10635.956599073575 -9264.2279897002 -4449.624675610355 -28137.776765185015 -48272.04127467665 32092.67650232992 -3694.5445645188106 
-23884.60410924074 -19938.971045077473 -7829.3761201180605 -33775.16256968343 -8087.621304692068 -53826.491346495044 -5423.769950402484 -38146.470875739644 -12573.011728626567 7642.932936471104 22367.349516453174 722927.9319563833 37690.14081371259 22756.93655457922 11284.512685516398 -54947.808577841 29309.386766168 -36438.275177528696 -7594.70394254002 -48070.79454192961 
24438.69166298756 441.1123528303703 -23681.785744919172 19846.814740245496 -3666.6215767885833 5103.586862807265 7631.091522946097 -36286.87659254395 -22006.014592544634 -11871.367152766697 -11888.360202735108 37690.140813712605 885378.1015806738 -3116.829818555039 -4204.095001852381 21654.923310574275 -45768.51206661439 -17384.069616670404 1142.2860529946013 -46817.89843289112 
-32875.20089328566 14675.167669215676 5003.933999158687 -19402.875295159258 4919.1354077404985 14921.133830837116 -48975.59076388606 -86309.58028070824 12981.999984195696 -33788.20743264053 -10635.956599073575 22756.936554579217 -3116.829818555049 745113.6678735364 -16498.197865281047 -15414.070681207524 -3837.2093164892917 -30937.13102550121 -8778.963545773298 -28950.573531440565 
-8606.412956316564 5502.309083729686 -18282.641248700278 -13176.588720482032 -641.5936477344982 1854.2543709608117 -15339.03605978693 25693.246610503695 7344.564636208274 7798.283700146567 -9264.227989700197 11284.512685516394 -4204.095001852375 -16498.197865281036 845443.4007533886 -2311.3946930685743 -39879.74523061751 37766.66629290158 -97311.20546213859 6836.120661844714 
52299.81873282409 -25298.79486540678 31002.55351381926 -81492.56267883645 29179.89328281843 -59936.1537938035 -34014.57376684803 169452.1243319564 -20441.118278346203 -78695.5812455008 -4449.624675610349 -54947.80857784107 21654.923310574224 -15414.07068120752 -2311.3946930685806 368039.07340531005 -9557.010252587199 413.987666257893 16848.678517889748 -122823.27341375641 
1651.6019350847462 4043.07847519149 -25658.106952874503 -5724.609090499816 13193.460639216051 3562.0780249634095 -6491.783340025615 -9157.243028764693 -30998.117209939603 -30266.874078432684 -28137.77676518503 29309.38676616801 -45768.51206661439 -3837.209316489295 -39879.74523061752 -9557.0102525872 864764.8810951222 -8820.991109841902 -37435.413467206796 -1121.887669036687 
-45633.24982195232 -25626.245404795904 -3394.3381360189105 -38782.45871583082 20619.649257714635 -36615.89846675651 -14175.826678642221 -132355.21616742498 -38928.602135747664 -85667.74120564955 -48272.041274676645 -36438.2751775287 -17384.06961667042 -30937.131025501196 37766.66629290158 413.98766625790194 -8820.991109841909 586534.6385848352 83191.70919856147 -45982.433178162755 
-918.6977109489534 8049.003462403776 -29570.20946190184 -1029.0968546198574 -22399.674905024825 -5061.988185676692 -12258.112281189187 58607.76851668171 52874.32280524454 49007.75130655184 32092.676502329912 -7594.703942540027 1142.2860529945874 -8778.963545773302 -97311.2054621386 16848.678517889744 -37435.413467206796 83191.70919856148 715471.6899516295 -16611.440705796216 
-26576.416183775793 15225.393448242557 13622.557453993133 114509.71501408394 -23684.008982643136 -11562.841873521711 -2856.1944243283992 -77176.61006495765 -13783.36339078302 56933.154554645174 -3694.5445645188156 -48070.7945419296 -46817.898432891074 -28950.573531440583 6836.120661844725 -122823.27341375644 -1121.8876690366874 -45982.433178162755 -16611.44070579622 126097.77181330958 
ATOM_TYPE Si
NUMBER_OF_CLUSTER 1
WEIGHT 0.20512923913748304
DETERMINANT 3.4425001117441957e-116
ESPERANCE 0.003410976228286794 0.0023367220411305767 0.0016650555019736154 0.004192743348734242 0.0019227745897278665 0.004316124988422588 0.0023752999693033862 0.01715394894473754 0.003063835987060462 0.0079848987343386 0.0037550585149925537 0.018725155495399506 0.005453337362298649 0.015584288949436816 0.005273166570445438 0.028567553249851108 0.006589209437486174 0.01913632509847487 0.005821576082310337 0.038891623115579727
INVERSE OF COVARIANT MATRIX
397531.5705165714 984.9113320514906 39784.74217484929 -46491.25370029408 -25454.373440366733 4821.834174631053 -4974.089787528708 -63946.99303767203 -21767.4784702065 61569.7560799575 -34631.325424935334 -50086.1301901512 39644.14572020716 -1158.2261230220922 -22333.360384536056 36362.12416988902 26762.80793436068 -61499.001312787674 29822.80949162058 -20232.360635036574 
984.9113320514911 713839.236696638 10323.642688248756 -49648.091720017524 -14198.46669219276 -24744.709930236226 -5358.959664600381 15021.239797303113 -6208.6751553020285 -610.0079280728193 8067.695072710922 -42466.76846272756 26649.887857941463 -6490.914100050003 2474.9196449626893 -31639.306974276864 25165.905142219195 -35524.545974501285 9417.715024163046 42662.1358897063 
39784.7421748493 10323.642688248758 876283.0038096411 -6999.9403615204055 -4451.229580273883 4337.4879566508835 2712.0792889173804 -26461.83005348137 10675.625883446211 -2943.795610362954 23839.608832555423 -4750.698958862385 -20340.83708987241 -15045.243069541244 -9990.748271900462 24805.602076868174 -31489.859892456952 7357.659878698833 -29963.792010529396 7956.878564119919 
-46491.253700294066 -49648.09172001753 -6999.940361520406 731923.3490014852 -28295.57808499076 -26877.460652184312 -4068.9640522128793 -27797.355448153532 -17302.216778297177 30933.404945453884 16566.631546554523 -115215.5212346361 74586.3566239092 13769.741214423591 -17379.24946917465 -90249.51567223325 36870.22766369894 -64937.29784270266 9348.51383803349 99500.5903885176 
-25454.37344036673 -14198.466692192756 -4451.229580273881 -28295.578084990728 935033.1420776619 -5436.724391917866 -3045.5458808965914 -6723.789272029114 -5492.2866109180095 27753.161603120883 -2183.62335321929 -30872.15755355234 5745.937145371678 -9211.348721693044 -9770.41392178446 -26302.137602154795 8469.437296543587 -26274.412725212187 4474.173684234259 -142.42293272133423 
4821.834174631081 -24744.709930236066 4337.487956650953 -26877.460652183963 -5436.724391917849 859344.7951885882 4769.4873995318885 17366.169049417018 -7645.919934497211 -25151.581427182693 5469.908630513322 -77577.2045458466 24942.38427125647 22891.44823230553 15740.904512968687 -39335.11405534681 20206.346882877693 -64144.11517451576 -15620.950789856248 -24799.546125240027 
-4974.089787528701 -5358.959664600375 2712.0792889173795 -4068.964052212866 -3045.5458808965864 4769.487399531845 931107.5670903019 3869.656656134653 9463.480702902654 19224.421902759957 9219.53934720482 -8041.835495566901 7170.423859424477 -31894.56008401793 -9571.28080456168 -16522.266263081387 -6596.357590877258 24649.541609498552 8111.1775699896525 -13850.928150933147 
-63946.993037672044 15021.239797303084 -26461.830053481382 -27797.355448153565 -6723.789272029135 17366.16904941721 3869.6566561346594 671630.1536875363 -24003.252718825126 21837.09538901044 -11278.927275581076 -97697.36526043608 -25267.96870648076 -61214.946247397645 25015.392779809095 134802.24256895453 16364.700243293419 -129043.96155752806 50996.53598752155 -72090.52302040812 
-21767.478470206483 -6208.675155302028 10675.62588344621 -17302.216778297185 -5492.286610918008 -7645.919934497199 9463.480702902658 -24003.2527188251 894650.1599626965 -34604.504995279814 -29723.23390698495 -29064.5971522461 -1496.9997374487025 36179.11689699075 -3516.7016541796515 -6409.087305553898 13502.445698140626 -38863.584898792644 -6616.682976573075 -21706.647490859934 
61569.756079957515 -610.0079280728291 -2943.795610362957 30933.404945453873 27753.161603120876 -25151.581427182733 19224.42190275995 21837.09538901046 -34604.504995279814 665276.4323073627 -32711.87064812796 46790.53632121833 -20569.986965972796 43321.3632714188 12205.733732441822 9910.094842089797 -10945.444373711578 -31385.20573367094 -69895.30037743127 18663.566925190167 
-34631.32542493532 8067.695072710925 23839.608832555423 16566.631546554512 -2183.623353219289 5469.908630513402 9219.53934720482 -11278.927275581083 -29723.23390698494 -32711.87064812796 883031.7215356159 35415.38776766434 -17656.850062705238 19797.38117036 -23965.961489323454 14542.230384789365 467.32233358946553 -20555.528533618086 -23724.80445616946 -14047.683926276683 
-50086.13019015126 -42466.76846272761 -4750.698958862365 -115215.52123463624 -30872.157553552344 -77577.2045458461 -8041.8354955668565 -97697.36526043617 -29064.597152246082 46790.53632121827 35415.387767664346 619443.2404496023 94224.0459957211 -7835.797572501388 10437.354243821012 -67811.63935996882 66158.05950711416 -103666.00655780963 37250.37102651712 -48126.65484133233 
39644.145720207154 26649.887857941474 -20340.83708987241 74586.3566239092 5745.937145371698 24942.384271256804 7170.423859424481 -25267.968706480835 -1496.9997374487218 -20569.986965972814 -17656.85006270525 94224.04599572104 837940.3453191307 3387.3675039010723 4054.7690159233553 68173.10475062605 -54019.50966754827 19648.942253571324 -16842.611771405715 -58698.6273621457 
-1158.2261230221109 -6490.914100050007 -15045.24306954125 13769.741214423611 -9211.348721693039 22891.448232305574 -31894.560084017936 -61214.94624739764 36179.116896990774 43321.36327141878 19797.38117036001 -7835.797572501415 3387.3675039010764 741528.755171352 340.55005068010894 -9716.292013916245 -5712.3445374566345 17235.365898816788 49678.93161647541 -34838.77528336915 
-22333.360384536056 2474.919644962696 -9990.748271900451 -17379.249469174643 -9770.413921784455 15740.904512968633 -9571.280804561678 25015.392779809103 -3516.701654179652 12205.73373244183 -23965.961489323457 10437.35424382099 4054.7690159233443 340.5500506801096 841566.3525721497 -14203.678736072534 -46031.74941276963 45128.42852501876 -81506.21213339585 10616.229319204847 
36362.12416988906 -31639.30697427689 24805.60207686813 -90249.51567223328 -26302.137602154755 -39335.11405534632 -16522.26626308139 134802.2425689546 -6409.087305553919 9910.094842089717 14542.230384789384 -67811.63935996899 68173.10475062615 -9716.292013916203 -14203.678736072536 391433.0695096152 29838.072089321253 875.9584360978869 -8428.221633045836 -137151.43376976502 
26762.80793436067 25165.905142219177 -31489.85989245697 36870.2276636989 8469.437296543594 20206.34688287776 -6596.357590877256 16364.700243293475 13502.44569814062 -10945.444373711585 467.32233358946564 66158.05950711411 -54019.509667548315 -5712.344537456633 -46031.7494127696 29838.072089321264 861455.0069634706 63401.17935437147 -82849.54157322765 -23003.396075674715 
-61499.00131278762 -35524.545974501256 7357.659878698831 -64937.29784270268 -26274.41272521216 -64144.115174515755 24649.541609498534 -129043.96155752808 -38863.58489879265 -31385.205733670904 -20555.52853361809 -103666.00655780974 19648.942253571313 17235.365898816784 45128.42852501875 875.95843609793 63401.179354371416 519441.6297876468 38584.531834838104 -25456.76198742956 
29822.809491620552 9417.715024163046 -29963.7920105294 9348.513838033474 4474.173684234259 -15620.950789856217 8111.177569989656 50996.53598752154 -6616.682976573066 -69895.30037743128 -23724.804456169455 37250.37102651709 -16842.611771405707 49678.93161647542 -81506.21213339586 -8428.22163304582 -82849.54157322767 38584.5318348381 698597.2366246062 -10831.495526926037 
-20232.360635036548 42662.135889706326 7956.878564119923 99500.59038851764 -142.42293272133688 -24799.546125240828 -13850.92815093316 -72090.52302040806 -21706.64749085992 18663.566925190204 -14047.68392627669 -48126.65484133232 -58698.62736214575 -34838.77528336917 10616.229319204836 -137151.4337697649 -23003.396075674704 -25456.761987429574 -10831.495526926039 116429.398886653 
ATOM_TYPE O
NUMBER_OF_CLUSTER 3
WEIGHT 0.05984489200027702
DETERMINANT 1.1311871859608744e-116
ESPERANCE 0.0027472132241398504 0.0024495324371020936 0.0018429337830692515 0.004223695650185834 0.0017961908077394123 0.003981846359484441 0.002311513358496532 0.01669484884948508 0.002940936970406013 0.008051185242742632 0.0034738251619159904 0.017829219294594717 0.005465307267841172 0.015157540157301674 0.005405864146858832 0.026555098867127303 0.006660165907592684 0.018457193909387843 0.005750967152298281 0.033541902084074204
INVERSE OF COVARIANT MATRIX
422979.8456919861 847.8109505040806 20516.81794458097 -16488.656473742576 -15003.642371431823 -25049.681089275455 -11819.64684923744 -44079.819620153525 -19235.0474569435 27080.53317492651 -16591.564917167438 -64437.21309178339 32191.84795672412 -9600.643573385818 16725.702086564106 35101.338608188125 30703.01858853853 -32997.22025003351 26547.402789497322 -3252.7521085699736 
847.8109505040768 705178.7106166682 2127.623004385196 -47896.36992524715 -15749.430721891813 -24206.101796523326 -7676.486864778127 22601.128945813052 3166.564632050938 -22304.88972202164 4629.893260742369 -42548.87067925123 27158.666389444537 8354.741161312908 -3319.4754728125536 -51144.05963017311 28681.669884630217 5320.343140368435 3184.3046593530735 67165.87017969765 
20516.817944580973 2127.6230043852015 849312.7176256714 -7650.48602285901 -18544.77511235222 6799.839888726303 14158.169237668413 -30948.034929929687 2767.531798557169 -712.955582706157 18910.65650489875 -18625.42820259687 -22435.788589941832 2773.691410443998 -18418.546282662912 13593.681004115322 -20036.93403514925 8012.673735380964 -26376.9396988556 -9036.602035736378 
-16488.65647374258 -47896.36992524715 -7650.486022859009 780690.1636119391 -13740.763084030346 -27522.844055606936 -8015.651375867105 20915.803974280534 -3532.4887137858254 4480.742613016181 10168.030274928698 -74972.9486736682 32447.19493923298 3482.4215944391426 8928.056358937489 -68926.72201917281 27466.740053501264 3094.0017151870993 2352.021291108769 43626.52589556146 
-15003.642371431832 -15749.430721891811 -18544.77511235222 -13740.763084030348 901900.35474835 -13921.033666164489 -275.3099107510088 -19765.411608448092 -8832.003948016118 8799.408474466292 -15940.416199969955 -48796.04069824986 5675.638340046919 23085.993363900838 -5649.867612762281 -8850.892201717026 13028.592248497223 -14401.554419128503 -8908.66144089029 -7210.026949569257 
-25049.68108927547 -24206.101796523333 6799.839888726301 -27522.844055606904 -13921.033666164496 841582.4353623084 -13747.423984385701 10985.69857002171 -8088.3468353901235 -7938.368504526746 -937.4664521384202 -67069.27512309414 15024.722095867215 -1840.8011330038266 8720.732458542763 -44438.997123924724 18361.658870436077 -49066.76853700116 -1949.2817419327398 -8086.631606674562 
-11819.646849237435 -7676.486864778125 14158.169237668413 -8015.651375867099 -275.309910751008 -13747.423984385681 907727.5494210118 16658.838968914282 -6449.006285120595 -15685.676259897527 872.3452543954269 -22215.143218983136 14107.701379051825 -10388.656532414685 -5239.27656732884 -7016.386748765488 -13147.855033188205 16086.232176867723 -12842.134742718703 -13017.732400961684 
-44079.819620153496 22601.12894581304 -30948.03492992969 20915.803974280534 -19765.41160844809 10985.698570021725 16658.83896891428 614739.8232302075 -22493.458580243758 11635.21256150799 -12782.836561214393 -95362.20178522878 -32423.409016055586 -75204.80504222565 30478.726011164188 131844.72686526403 19292.124879800136 -99189.95658975301 47663.78316168348 -85286.91980601408 
-19235.047456943495 3166.5646320509386 2767.531798557169 -3532.4887137858223 -8832.00394801612 -8088.346835390118 -6449.0062851205885 -22493.458580243754 907114.824092866 9250.02935271139 -19916.485697251315 -21439.75391671432 3200.9045360923624 -10794.855390198602 2622.1187303929 9479.044362870743 12143.030960439255 -11808.989690357519 18417.703479956013 -24745.10618669664 
27080.533174926517 -22304.88972202164 -712.9555827061607 4480.742613016182 8799.408474466294 -7938.368504526754 -15685.676259897535 11635.212561507995 9250.029352711388 676746.2644429315 -406.61820075892547 -6946.117229212397 26931.06274969706 -37628.698937984234 4711.923248791342 4583.013880907378 -11647.796375638878 8386.699103878464 8170.804070523601 27358.777073296034 
-16591.56491716744 4629.89326074237 18910.65650489875 10168.030274928695 -15940.41619996996 -937.4664521384176 872.3452543954286 -12782.836561214386 -19916.48569725132 -406.61820075892484 851974.8127103312 6712.1471679633 16752.114461386598 12962.232354290472 -15914.339518659774 21754.535643722822 21090.25203591281 9726.861538250238 34046.65591176046 -4532.1501819429595 
-64437.213091783386 -42548.87067925124 -18625.428202596864 -74972.94867366823 -48796.04069824987 -67069.27512309412 -22215.14321898312 -95362.20178522872 -21439.753916714304 -6946.117229212406 6712.147167963297 602542.7196725314 48782.66262265656 11470.969923151919 14340.247118069736 -29611.646156641258 39821.18664161161 -50966.22705457091 -416.74156957863227 -53171.7773844736 
32191.847956724112 27158.66638944453 -22435.78858994184 32447.194939233003 5675.6383400469185 15024.72209586722 14107.701379051834 -32423.40901605558 3200.904536092363 26931.062749697077 16752.1144613866 48782.66262265655 834005.8079048771 464.7200874452516 -2046.8809069711433 42888.93062538961 -53597.69458368365 -14598.228876275369 -15394.328512521488 -37621.454373229404 
-9600.643573385816 8354.741161312906 2773.6914104439984 3482.4215944391403 23085.993363900834 -1840.801133003821 -10388.656532414685 -75204.80504222565 -10794.855390198605 -37628.69893798424 12962.232354290478 11470.96992315192 464.720087445255 699177.8404059509 175.4255890167299 -36917.175101811976 3395.955462223708 -34199.7219509581 11709.524490396016 2990.7076514380256 
16725.702086564103 -3319.475472812559 -18418.54628266293 8928.056358937492 -5649.867612762278 8720.732458542756 -5239.276567328841 30478.726011164188 2622.1187303928973 4711.923248791343 -15914.339518659775 14340.24711806974 -2046.8809069711465 175.42558901672564 762613.541071969 -10122.47875747485 -60480.362859854155 35752.443309806054 -116791.57019196595 10068.464054580727 
35101.33860818813 -51144.05963017311 13593.68100411532 -68926.72201917283 -8850.89220171703 -44438.997123924695 -7016.386748765483 131844.72686526403 9479.044362870743 4583.013880907385 21754.53564372283 -29611.646156641276 42888.930625389614 -36917.17510181199 -10122.478757474844 365601.1920998354 28697.600586490717 -24816.31287255708 -25328.302824490478 -128811.77535499347 
30703.018588538533 28681.66988463021 -20036.934035149246 27466.74005350126 13028.592248497227 18361.658870436095 -13147.855033188203 19292.124879800143 12143.030960439257 -11647.796375638882 21090.252035912807 39821.1866416116 -53597.69458368365 3395.9554622237024 -60480.36285985416 28697.60058649072 806696.4153534147 58650.182971556256 -102735.06089792984 -32379.812245992918 
-32997.22025003353 5320.343140368444 8012.673735380959 3094.001715187112 -14401.554419128503 -49066.76853700115 16086.232176867732 -99189.95658975294 -11808.989690357526 8386.699103878458 9726.861538250234 -50966.22705457097 -14598.228876275385 -34199.72195095812 35752.44330980606 -24816.312872557057 58650.18297155624 531484.3473717093 42467.126437873856 -48489.42010697575 
26547.40278949732 3184.3046593530753 -26376.93969885561 2352.0212911087638 -8908.661440890297 -1949.2817419327464 -12842.134742718701 47663.7831616835 18417.70347995601 8170.8040705236 34046.65591176047 -416.741569578614 -15394.32851252149 11709.524490396017 -116791.57019196596 -25328.30282449046 -102735.06089792986 42467.12643787386 668686.5761026307 -13576.094481883041 
-3252.75210856998 67165.87017969765 -9036.602035736378 43626.52589556146 -7210.026949569253 -8086.631606674595 -13017.732400961693 -85286.9198060141 -24745.106186696645 27358.77707329603 -4532.150181942959 -53171.77738447357 -37621.454373229404 2990.7076514380315 10068.464054580723 -128811.77535499347 -32379.81224599292 -48489.42010697573 -13576.094481883028 202808.66628708664 
WEIGHT 0.12754233660989336
DETERMINANT 1.5854759714866854e-116
ESPERANCE 0.0035325829610167005 0.0021624780240714855 0.0016887456701518053 0.0038757021262951405 0.001984113165905493 0.0046192997319355845 0.002495695787365554 0.017741811123457046 0.003298754546859228 0.007622132764482582 0.0035259023597383338 0.01950994376328147 0.005582240579829507 0.015601819761149728 0.005203497512160113 0.02995409660347018 0.006444381571618604 0.0199729993917037 0.005593428487639425 0.0420329166411373
INVERSE OF COVARIANT MATRIX
373578.66791460384 16579.319175101416 25450.09105492029 -47887.93408968085 -11412.829877057442 -34366.21522026502 -16983.042205023376 -46361.43102507801 -26326.055607492046 30054.822726790924 -36959.56816631452 -86079.62291673188 38683.78206417319 -10726.317684305495 578.1929592379869 40415.00986807034 21110.52315817333 -46383.01298860136 8155.9168755176615 -32004.881222594842 
16579.319175101427 720112.1650886863 7812.859520711812 -6639.475991867762 -7379.541572698476 -30206.51147973315 9023.57279673555 5450.157164409579 -4261.989055072249 -14886.142769639555 885.9483419809468 -26612.275399691058 4522.7826894809505 -736.438964614256 8403.525872602911 -12770.715001062827 31318.384864996366 -37414.25350060181 12810.447271439596 15152.149536461162 
25450.09105492028 7812.859520711813 866540.3921384783 -10741.445895355764 -16967.744366356626 8328.946235008425 20441.30733334991 -35744.01105128075 8023.982066008487 -2510.4527218704593 10114.61815522409 -8616.19649761004 -15021.202198601553 3387.2866955468653 -17302.215545287665 25746.54620775198 -19950.088389560035 3160.944406197012 -27584.2335224963 19490.720669852508 
-47887.93408968085 -6639.47599186777 -10741.445895355766 755181.1812532464 -11563.836300809055 -50159.219707640266 -22430.686521338168 -8282.308244599062 3554.004356970491 -3960.4722626520784 18277.87164613758 -151425.76447898976 73480.06429628946 -5932.451366913885 -6271.355882521558 -71229.57977459603 46323.350350885936 -59616.628079911294 18587.322043302167 126954.24672349766 
-11412.82987705743 -7379.541572698468 -16967.74436635663 -11563.836300809024 908339.1743661067 -12169.564158838442 196.64094294272797 -12213.241654994648 -6569.002822212623 11940.611376018296 -19735.00404980255 -38519.229372071364 1718.8614476765104 31615.19421187217 -3350.4104963238537 -5841.90596589441 10376.207579728723 -11646.07802416876 -9525.99301604189 328.82164860216767 
-34366.215220265025 -30206.511479733155 8328.94623500843 -50159.21970764024 -12169.564158838435 863310.0663043862 -17906.886148087273 15518.328930186082 -8334.466200049703 -23675.904971228843 -3592.9432743535913 -89247.64590511586 32311.16969290934 -17517.932783807457 -4480.887995121266 -45045.97443143433 27914.394300729968 -56133.67599116904 -3054.176698163275 -16168.503284862143 
-16983.042205023372 9023.572796735552 20441.30733334991 -22430.686521338157 196.64094294272354 -17906.886148087266 910244.9195731393 6243.9530381293 -8605.294851406179 -7425.049334535843 10326.830909499155 -58354.609656205736 14003.346432199152 -6174.881164356367 5071.159202526562 -15963.82128889078 -7222.925649338929 8160.461980333117 -13785.138959864218 -4053.756182322812 
-46361.43102507795 5450.157164409581 -35744.01105128075 -8282.308244599028 -12213.241654994637 15518.328930186084 6243.9530381293 661837.6354599808 -19080.203152230282 -8800.89454361918 -2033.7281266459347 -96344.84933514116 -19194.280275127847 -68361.37959371097 48478.6161797461 140437.15853024943 20968.225839928204 -142986.7995083947 48819.43986839507 -68023.11798800949 
-26326.055607492057 -4261.989055072252 8023.982066008482 3554.004356970505 -6569.002822212622 -8334.466200049701 -8605.294851406174 -19080.203152230275 926807.4202042372 4170.188436552524 -21536.380023561866 -10934.660352390907 -288.3444719237943 -11351.188154195252 -3042.097178594052 -366.4673064098179 3988.9615656089777 -10951.297684253988 19758.629163128295 -25387.749161274478 
30054.822726790906 -14886.142769639555 -2510.4527218704616 -3960.472262652106 11940.611376018296 -23675.90497122884 -7425.049334535843 -8800.894543619179 4170.188436552527 702949.9830779912 -13394.333243559879 4344.889276700716 34564.77220198595 -45888.70558002304 22218.124544654405 -11809.729594731078 -5935.78577095419 -2548.1772829089296 9017.958296672365 26496.783049919595 
-36959.568166314544 885.9483419809475 10114.618155224092 18277.87164613758 -19735.004049802534 -3592.9432743535954 10326.830909499158 -2033.728126645934 -21536.38002356185 -13394.33324355988 876537.3767455607 33515.41145960377 6461.3703705636735 7617.756091087329 -18831.66980487896 31687.28976911235 8019.85234091605 5928.960496317882 26399.023111324233 -25257.122296386577 
-86079.62291673185 -26612.27539969106 -8616.19649761005 -151425.7644789898 -38519.22937207134 -89247.64590511585 -58354.60965620571 -96344.84933514117 -10934.660352390909 4344.889276700689 33515.41145960378 561752.4881762136 97305.5330069494 5813.2137550857915 18481.35830943212 -89635.82174773127 71925.76196657677 -91136.62040799182 16141.562167694512 -45474.79346492594 
38683.782064173225 4522.782689480955 -15021.202198601559 73480.06429628948 1718.8614476765165 32311.16969290936 14003.346432199154 -19194.28027512783 -288.3444719237966 34564.77220198596 6461.370370563675 97305.53300694934 847390.4162153096 10642.15740679554 602.1856179510806 67662.29196781958 -63778.37983990768 7677.821573155466 -36220.33711452032 -51786.91333413542 
-10726.31768430549 -736.4389646142587 3387.286695546861 -5932.451366913872 31615.19421187217 -17517.93278380743 -6174.881164356354 -68361.37959371095 -11351.18815419525 -45888.70558002305 7617.756091087329 5813.213755085753 10642.157406795546 787258.0248204083 -11242.784636901504 -24085.40714110603 7021.493718464705 -62100.03866279251 11763.815973818 -12413.575925221092 
578.1929592379962 8403.525872602915 -17302.21554528768 -6271.355882521557 -3350.4104963238556 -4480.887995121268 5071.15920252656 48478.61617974611 -3042.0971785940555 22218.12454465441 -18831.669804878955 18481.358309432126 602.1856179510779 -11242.784636901506 806316.3339530358 -12352.549789856082 -39444.80525217254 7353.964689691296 -73399.89413231956 6366.859863071365 
40415.00986807036 -12770.715001062821 25746.546207751995 -71229.57977459597 -5841.905965894396 -45045.97443143435 -15963.82128889077 140437.15853024946 -366.46730640980485 -11809.729594731078 31687.289769112347 -89635.82174773137 67662.29196781952 -24085.40714110605 -12352.549789856075 435535.03288171696 56589.96433429855 21576.265031323626 7626.041106466127 -130390.48329081475 
21110.523158173342 31318.38486499638 -19950.088389560024 46323.350350886 10376.207579728723 27914.394300729928 -7222.925649338919 20968.225839928196 3988.961565608971 -5935.785770954184 8019.852340916043 71925.76196657671 -63778.37983990769 7021.4937184647115 -39444.80525217253 56589.96433429854 848569.9728198032 55035.288958753976 -100940.56047699545 -16334.596775251579 
-46383.01298860135 -37414.25350060177 3160.9444061970153 -59616.628079911316 -11646.078024168755 -56133.675991169046 8160.46198033311 -142986.7995083946 -10951.297684253972 -2548.1772829089323 5928.960496317878 -91136.62040799188 7677.8215731554355 -62100.03866279251 7353.964689691303 21576.265031323645 55035.28895875397 565241.4782729597 42446.6892211561 -26389.24325950172 
8155.916875517665 12810.447271439598 -27584.233522496306 18587.322043302152 -9525.993016041892 -3054.1766981632763 -13785.138959864222 48819.43986839514 19758.629163128295 9017.958296672365 26399.023111324237 16141.562167694497 -36220.33711452035 11763.815973817995 -73399.89413231956 7626.0411064661575 -100940.56047699542 42446.68922115612 719535.1194437385 7267.720540828273 
-32004.88122259486 15152.149536461158 19490.720669852497 126954.24672349765 328.8216486021511 -16168.503284862152 -4053.7561823228243 -68023.1179880095 -25387.749161274485 26496.783049919602 -25257.122296386584 -45474.79346492586 -51786.91333413539 -12413.57592522109 6366.8598630713595 -130390.4832908148 -16334.59677525161 -26389.24325950172 7267.720540828289 150847.02470387198 
WEIGHT 0.020506184263859216
DETERMINANT 2.8467951109117554e-116
ESPERANCE 0.0034326738365398806 0.0025717797506711027 0.001798127941488341 0.004459237825344287 0.0019285696609972365 0.0044210128087639675 0.0023789740999921147 0.017368425982540528 0.0030570443776789112 0.00801879779897162 0.0034630713285861816 0.01892347367999493 0.005302114043633823 0.015416768485567351 0.005155329380315087 0.027505099663394237 0.006293591922836404 0.019613001387778474 0.005480602857437742 0.03539201311817242
INVERSE OF COVARIANT MATRIX
358601.67536486796 13453.858158938523 16298.74265799556 -3560.494961225929 -14888.45847738807 -15255.44706634834 -4249.867359786866 -65327.20097083284 -14360.858846752719 21047.730929798403 -31629.95869930252 -54023.80105512093 17396.30149290439 -9581.754598404603 3472.3194716283683 64034.779876180095 17679.61592870369 -39006.151699097456 10528.023764878952 -16469.706065528462 
13453.858158938532 700270.2087000305 6198.281303495549 -56599.17695242992 -6744.463809114071 -40855.47157144341 -11508.681318251489 6895.048072893193 -1358.3547960760764 -19907.106106548308 8069.591061759599 -65937.03688919068 33473.72262062546 -12671.190033926103 5379.037878839287 -57970.79220068571 40231.34789329509 -27070.091590483673 16792.986939580875 70205.83221205967 
16298.742657995565 6198.281303495543 846075.6863695191 -2746.841139944534 -15217.32648119995 12455.383706878676 15930.739635518483 -31331.79825932937 1639.5096132495141 -2502.7955290313866 11826.74572864111 -10422.534482644933 -27730.84440795888 4015.4744970446327 -14891.41482071593 24238.01871855864 -25719.72944669948 17008.66258680874 -29851.027445918036 -8548.50792091777 
-3560.4949612259484 -56599.176952429916 -2746.84113994454 766707.2840470729 -13724.336297949658 -38357.56589776186 -14374.198068370883 3156.156096913699 -7843.69462520667 -207.09929980385218 10751.672856656747 -104310.87289773615 42348.54989749595 -9648.402198909796 6337.482423696697 -69508.13401991111 34469.74684494622 -21262.84850994127 11459.07457437354 47875.345717776065 
-14888.458477388065 -6744.4638091140805 -15217.32648119995 -13724.336297949661 905751.5778869138 -7620.344659268413 -3605.7592806476455 -7710.1060409929 -9494.782402944125 14401.712322697429 -16225.387961537212 -34048.851691461525 -1261.4538302900423 17462.985561370064 -8004.349741709161 -6927.864720470038 4462.458139572565 -17827.848175849114 -10035.391158227038 -6606.029517231304 
-15255.447066348368 -40855.47157144342 12455.383706878678 -38357.565897761895 -7620.34465926842 820024.4531278622 -12493.202139590683 6032.565669433193 -6590.055683900336 -10012.082606153988 -1235.6432208896065 -86187.22111575246 27191.862470950455 -22708.961261182958 8268.977826164217 -47688.76731896975 39718.7161151382 -93798.49715744983 10583.801792203865 522.123152242381 
-4249.867359786863 -11508.681318251489 15930.739635518483 -14374.19806837087 -3605.759280647645 -12493.202139590685 902264.8894839538 12653.947255091323 -6738.048783380356 -12551.28236207378 4301.851547771223 -27603.135277119185 10937.240763213567 -12497.90759964029 -3190.6457698123454 -17436.455877058062 -6113.712176993509 12264.491601833026 -7583.821713007379 -12692.323055158095 
-65327.20097083289 6895.048072893206 -31331.798259329393 3156.1560969137236 -7710.106040992893 6032.565669433204 12653.947255091325 612012.1042623911 -16547.66021424066 -12655.889941485268 -5118.384611511875 -120254.78973808285 -26404.757392257052 -78412.62479038918 42356.709994892 133344.0312212559 18385.87821494826 -90501.11281826552 48230.669348515396 -72983.4045201289 
-14360.858846752732 -1358.35479607608 1639.5096132495132 -7843.694625206668 -9494.782402944125 -6590.055683900338 -6738.0487833803545 -16547.66021424065 901336.1851640514 10580.77599844551 -20875.55547333036 -7479.137041590166 -4177.452771217173 -14873.368524158608 -2612.4815607839437 5474.563061409536 3747.685854222614 2595.9404693802458 13873.09893264188 -29461.293081389926 
21047.730929798403 -19907.10610654831 -2502.7955290313876 -207.09929980384848 14401.712322697422 -10012.082606153986 -12551.282362073778 -12655.889941485271 10580.775998445512 666309.0718680108 -1485.985772598203 -9644.637172822508 30860.51762899589 -52240.82396023728 13826.301461564808 -2446.384840777479 392.0293028963038 -14474.195963170667 6931.482904783324 34897.59096779096 
-31629.958699302508 8069.591061759605 11826.745728641108 10751.672856656745 -16225.387961537212 -1235.6432208896106 4301.851547771221 -5118.384611511866 -20875.55547333036 -1485.985772598204 852162.6941762432 23907.139168952403 7719.6413802420275 12168.8926016045 -18419.564280401035 24940.82577719913 6523.049172819025 5841.401455092667 19539.878757790124 -9214.420043766084 
-54023.80105512093 -65937.03688919067 -10422.534482644927 -104310.87289773619 -34048.85169146151 -86187.22111575243 -27603.135277119178 -120254.78973808282 -7479.137041590166 -9644.637172822506 23907.1391689524 544372.9857125183 69945.40369371044 -3060.336417708275 26907.715400568253 -40120.08649561456 73719.28970206928 -102219.49761747752 19314.75764397601 -29554.062849708054 
17396.301492904393 33473.72262062546 -27730.844407958863 42348.54989749596 -1261.4538302900353 27191.862470950426 10937.240763213566 -26404.75739225704 -4177.452771217175 30860.517628995887 7719.641380242025 69945.40369371041 822194.0498070471 13169.592455201633 -6271.955575742265 48951.88990829079 -65106.64206365446 17637.337913002055 -25273.832452653143 -41102.64376395093 
-9581.754598404606 -12671.190033926097 4015.4744970446395 -9648.402198909811 17462.985561370057 -22708.961261182973 -12497.907599640295 -78412.62479038916 -14873.36852415861 -52240.82396023728 12168.892601604504 -3060.336417708271 13169.592455201648 699933.1819937681 971.1334870348118 -35581.83644484941 7741.8213053135305 -39007.25908525923 13386.902983041542 900.6512787167743 
3472.3194716283742 5379.037878839276 -14891.414820715923 6337.482423696687 -8004.349741709159 8268.977826164206 -3190.6457698123395 42356.70999489197 -2612.481560783943 13826.301461564806 -18419.56428040104 26907.715400568228 -6271.955575742281 971.1334870348138 761432.2803462042 -13313.949423577764 -58904.03722688747 29040.12303941228 -103640.42195524895 201.63143488951937 
64034.77987618011 -57970.792200685726 24238.018718558626 -69508.13401991107 -6927.864720470029 -47688.767318969745 -17436.455877058073 133344.03122125592 5474.563061409531 -2446.384840777464 24940.825777199116 -40120.086495614596 48951.88990829078 -35581.83644484944 -13313.949423577762 379017.1921210274 30128.01634401098 -31820.974123157564 -20009.86826606955 -129809.82285433265 
17679.61592870366 40231.34789329509 -25719.72944669946 34469.74684494621 4462.458139572564 39718.71611513827 -6113.712176993509 18385.87821494823 3747.68585422262 392.02930289629774 6523.049172819024 73719.28970206926 -65106.642063654435 7741.821305313532 -58904.03722688749 30128.016344010954 804329.9196198824 83272.79935647054 -101986.78046669466 -42983.726461274295 
-39006.151699097456 -27070.091590483687 17008.66258680876 -21262.848509941265 -17827.848175849114 -93798.49715744985 12264.491601833026 -90501.11281826554 2595.9404693802426 -14474.195963170674 5841.401455092674 -102219.49761747752 17637.33791300205 -39007.259085259226 29040.123039412254 -31820.974123157575 83272.79935647055 449509.0836036481 53368.14844920397 -12934.094896959672 
10528.023764878959 16792.986939580867 -29851.02744591804 11459.074574373522 -10035.391158227034 10583.801792203862 -7583.82171300738 48230.66934851546 13873.098932641884 6931.482904783323 19539.87875779012 19314.757643976023 -25273.832452653132 13386.902983041547 -103640.42195524894 -20009.868266069527 -101986.78046669466 53368.14844920391 681643.4841154463 -20785.99789531305 
-16469.706065528466 70205.83221205969 -8548.507920917764 47875.34571777605 -6606.029517231308 522.1231522423742 -12692.323055158091 -72983.40452012893 -29461.293081389915 34897.59096779095 -9214.42004376608 -29554.062849708043 -41102.64376395093 900.6512787167859 201.63143488951562 -129809.82285433268 -42983.72646127431 -12934.09489695967 -20785.997895313034 190059.63435495313 
