10 10.2688 18.7257 390.461
1 9.83799 4.84758 1.51952
2 6.82154 1.18995 0.764376
3 7.98432 0.440133 1.58165
3 7.13258 2.00527 -0.493502
3 9.03132 4.97315 -0.450688
3 5.66716 0.0360149 0.718566
1 9.98294 3.55124 5.92526
2 11.8427 4.17534 3.33224
3 11.8562 3.6921 4.90739
3 10.906 3.23062 2.38259
3 11.0701 5.5289 3.28334
3 13.357 4.1722 2.75067
1 7.4713 3.88763 -0.814595
2 3.46014 1.19241 3.25369
3 3.45148 1.58694 1.72482
3 4.26536 -0.212666 3.44336
3 4.17679 2.17824 4.31671
3 2.02924 0.939092 3.97194
1 7.5358 2.78261 3.40254
1 10.5601 1.33432 2.89855
2 8.53919 0.555197 4.93526
3 8.41417 0.165573 6.42997
3 9.22738 -0.553652 4.00594
3 9.19114 1.98746 4.50356
3 7.00929 0.781461 4.41939
1 7.45381 5.57419 4.25077
1 4.68711 4.21894 4.07758
2 6.69358 5.45045 1.61335
3 5.97587 4.65633 0.471765
3 6.20857 2.22352 1.95172
3 5.69795 5.67346 2.86275
3 7.91209 4.60911 2.34713
1 9.83813 2.19959 10.7215
2 11.7268 2.85437 8.17178
3 11.8219 2.37735 9.6802
3 11.0611 1.7737 7.13291
3 11.0333 4.19835 7.79661
3 13.2456 3.01947 7.57308
1 5.17092 0.527229 5.5605
2 3.4018 -0.29817 8.08942
3 3.31311 0.0615523 6.53731
3 4.11347 -1.64017 8.40117
3 4.02239 0.76135 9.07168
3 1.91438 -0.575756 8.72402
1 7.7999 1.29993 8.0016
1 10.4548 -0.233896 7.67461
2 8.59539 -0.858156 9.71133
3 8.40198 -1.2501 11.2533
3 9.2497 0.61325 9.39229
3 9.23823 -1.92916 8.81022
3 7.09603 -0.545162 9.00034
1 7.64801 4.04227 8.90173
1 4.72245 2.6298 8.65038
2 6.5531 3.25954 6.45226
3 6.5977 3.78803 4.95092
3 5.77722 1.93359 6.78388
3 6.05417 4.31491 7.4976
3 8.08498 3.06201 7.01889
1 9.9878 0.390582 15.4342
2 11.7332 1.29973 12.8743
3 11.7416 0.772689 14.3866
3 11.0834 0.25188 11.9345
3 11.0377 2.7246 12.6532
3 13.1418 1.54402 12.2122
1 5.39028 -0.886862 10.0891
2 3.5369 -1.7857 12.661
3 3.40872 -1.2374 11.1794
3 4.22635 -3.20142 13.0442
3 4.13081 -0.730591 13.7675
3 1.9781 -2.09487 13.3529
1 7.75915 -0.198219 12.892
1 10.3736 -1.70246 12.5176
2 8.52468 -2.41111 14.4668
3 8.35719 -2.87329 15.9589
3 9.08686 -3.4446 13.4509
3 9.29316 -1.05937 14.0953
3 7.04302 -2.13742 13.7664
1 7.57832 2.57944 13.6417
1 4.60895 1.10136 13.3269
2 6.65184 1.86306 11.2289
3 6.69674 2.36165 9.74399
3 5.89255 0.50333 11.525
3 6.00241 2.99378 12.2296
3 8.15061 1.58286 11.9419
1 9.79975 -1.03794 20.0969
2 11.7207 -0.267944 17.572
3 11.7535 -0.696101 19.014
3 11.04 -1.28763 16.5324
3 11.0345 1.18888 17.2091
3 13.1476 0.0298007 16.9094
1 5.2919 -2.4956 14.9147
2 3.53015 -3.33227 17.3465
3 3.30367 -2.77452 15.9709
3 4.07782 -4.74847 17.5856
3 4.14308 -2.22768 18.3922
3 2.00911 -3.45117 17.9964
1 7.67411 -1.6275 17.4997
1 10.3559 -3.07874 16.9933
2 8.41848 -3.77093 19.0014
3 8.42779 -4.26885 20.5099
3 9.10338 -4.88302 17.9861
3 9.14612 -2.38998 18.633
3 6.99362 -3.64296 18.3618
1 7.59382 1.2453 18.165
1 4.81125 -0.312186 17.8301
2 6.64475 0.383717 15.7989
3 6.75723 0.861803 14.3064
3 5.82957 -1.00753 16.1814
3 6.01368 1.43827 16.8437
3 8.07486 0.0245769 16.3881
1 9.84165 -2.34244 24.7529
2 11.758 -1.5703 22.1733
3 11.7936 -1.99209 23.7237
3 11.0088 -2.5555 21.2153
3 11.0656 -0.211182 21.8579
3 13.1772 -1.42176 21.4925
1 5.33641 -3.88881 19.4878
2 3.46852 -4.72953 21.9832
3 3.35009 -4.26968 20.5325
3 4.0716 -6.11056 22.3754
3 4.2911 -3.73787 22.9747
3 2.03696 -4.73666 22.732
1 7.4374 -3.2567 22.1284
1 10.4379 -4.36686 21.5785
2 8.69485 -5.22404 23.6919
3 8.55029 -5.56122 25.227
3 9.291 -6.27841 22.6478
3 9.37955 -3.84871 23.3179
3 7.15599 -5.08772 23.0635
1 7.57805 -0.31855 22.9643
1 4.81051 -1.72454 22.5195
2 6.56199 -1.08786 20.4924
3 6.73248 -0.619313 18.9364
3 5.78774 -2.40928 20.7482
3 6.00371 -0.024875 21.5277
3 7.97849 -1.47391 21.0728
1 10.08 -3.94287 29.4957
2 11.773 -3.03841 26.7975
3 11.9681 -3.55435 28.2931
3 11.1664 -1.60411 26.5329
3 11.023 -4.03678 25.8777
3 13.308 -2.85095 26.1004
1 5.21307 -5.47716 24.1087
2 3.50313 -6.09318 26.7213
3 3.40297 -5.61782 25.2287
3 4.14582 -7.50777 27.1004
3 4.21229 -5.11246 27.7554
3 2.0422 -6.18736 27.377
1 7.85442 -4.68632 26.8457
1 10.6263 -5.90692 26.391
2 8.78396 -6.66262 28.5306
3 8.69734 -7.21044 30.0133
3 9.40554 -7.75174 27.4637
3 9.49724 -5.30463 28.1852
3 7.32069 -6.39451 27.7423
1 7.98083 -1.94122 27.5998
1 4.90433 -3.21936 27.2436
2 6.53964 -2.54954 25.1712
3 6.64001 -2.0914 23.6888
3 5.86984 -3.9305 25.4906
3 5.87269 -1.47215 26.2108
3 8.09165 -2.67425 25.7315
1 10.3282 -5.40682 34.1054
2 11.9034 -4.4616 31.5835
3 12.071 -4.93422 33.0034
3 11.1676 -5.42772 30.5525
3 11.2738 -3.09057 31.2245
3 13.4384 -4.25124 30.811
1 5.48217 -6.69684 28.6499
2 3.65641 -7.5581 31.3083
3 3.50722 -7.02251 29.8824
3 4.39896 -6.53815 32.3305
3 4.3116 -8.97581 31.6133
3 2.19081 -7.66976 32.0887
1 7.66055 -6.26253 31.4335
1 10.7438 -7.32331 31.0439
2 8.9082 -8.29917 33.1149
3 8.75342 -8.69631 34.5504
3 9.45301 -9.29221 31.9637
3 9.68608 -6.90046 32.836
3 7.42854 -7.99519 32.4236
1 8.03467 -3.23695 32.2415
1 5.02373 -4.53951 31.713
2 6.86467 -4.09225 29.8377
3 6.97413 -3.53037 28.3495
3 6.178 -5.50976 30.1867
3 6.06839 -3.01366 30.7382
3 8.33095 -4.31183 30.5273
1 10.1394 -6.64908 38.8239
2 11.9598 -5.9396 36.1705
3 12.0471 -6.43991 37.6335
3 11.2861 -6.96096 35.2017
3 11.3212 -4.53428 35.819
3 13.4005 -5.71814 35.4648
1 5.51151 -8.17634 33.4284
2 3.74384 -9.01485 35.9521
3 3.61592 -8.54327 34.4515
3 4.29675 -7.94052 36.9726
3 4.52686 -10.4061 36.2836
3 2.26641 -9.36441 36.5737
1 8.15788 -7.50237 36.08
1 10.7086 -8.94443 35.6247
2 9.02673 -9.57703 37.8663
3 8.81348 -10.0527 39.312
3 9.60043 -8.19858 37.5163
3 9.63261 -10.5181 36.8144
3 7.46344 -9.33781 37.0825
1 7.7292 -4.58651 36.8073
1 5.03121 -6.12604 36.4104
2 6.93214 -5.46248 34.4981
3 7.11172 -5.09127 32.9879
3 6.24687 -6.86026 34.7642
3 6.13786 -4.43335 35.4797
3 8.44347 -5.71905 35.1923
1 10.2222 -8.11376 43.3898
2 12.0068 -7.51018 40.7624
3 12.0306 -7.89863 42.3038
3 11.2574 -8.50274 39.8307
3 11.3245 -6.01467 40.4389
3 13.4212 -7.33831 40.1585
1 5.76168 -9.68636 38.1712
2 3.75583 -10.4116 40.6606
3 3.54091 -10.0283 39.161
3 4.42972 -11.8303 40.9717
3 4.38807 -9.38975 41.6901
3 2.35263 -10.6868 41.4206
1 7.95656 -8.9259 40.7955
1 10.7233 -10.3822 40.3491
2 8.90083 -10.9896 42.3433
3 8.80324 -11.5148 43.7821
3 9.5623 -9.48602 42.1356
3 9.45755 -12.0372 41.2548
3 7.33707 -10.6979 41.6677
1 7.75412 -6.03355 41.4902
1 5.16779 -7.57267 41.1692
2 6.93174 -6.85015 39.0363
3 6.97912 -6.37924 37.5838
3 6.29978 -8.32746 39.4999
3 6.20787 -5.88831 40.1604
3 8.35908 -7.11656 39.7201
1 10.1002 -9.48831 48.1003
2 11.9397 -8.81085 45.4707
3 12.0527 -9.24348 46.9402
3 11.414 -10.0078 44.4701
3 11.1649 -7.47621 45.069
3 13.4989 -8.50385 44.9357
1 5.47856 -11.1306 42.8097
2 3.84804 -11.8759 45.4188
3 3.66852 -11.4637 43.9164
3 4.49737 -10.8302 46.4065
3 4.38534 -13.3461 45.7902
3 2.29398 -12.024 46.0729
1 8.10618 -10.4079 45.3712
1 10.7674 -11.9026 45.039
2 8.92451 -12.5533 47.0936
3 8.99745 -12.9365 48.6479
3 9.55344 -11.0509 46.6391
3 9.54681 -13.4824 45.9942
3 7.47168 -12.3292 46.4939
1 7.82122 -7.53709 46.47
1 5.1293 -8.90532 45.8719
2 6.88874 -8.36397 43.8963
3 6.94992 -7.78086 42.3931
3 6.2349 -9.86848 44.2256
3 6.19333 -7.35818 44.9391
3 8.35551 -8.47122 44.4803
1 10.304 -11.1182 52.7941
2 12.1539 -10.3065 50.1149
3 12.0726 -10.7784 51.5987
3 11.512 -11.3323 49.0464
3 11.4141 -8.89179 49.8309
3 13.634 -10.0473 49.5045
1 5.53896 -12.605 47.4195
2 3.81478 -13.3557 50.0124
3 3.74106 -12.7791 48.6178
3 4.41817 -14.7796 50.37
3 4.43481 -12.362 51.0894
3 2.26139 -13.4972 50.617
1 7.93474 -11.7716 50.1149
1 10.7728 -13.2111 49.4853
2 8.89523 -13.8424 51.7171
3 8.74999 -14.2954 53.1947
3 9.51486 -12.4684 51.3547
3 9.48583 -15.0017 50.8677
3 7.35966 -13.7042 51.0881
1 7.66999 -8.89105 50.9022
1 5.16349 -10.5001 50.5488
2 6.82822 -9.66284 48.556
3 6.98981 -9.22245 47.0157
3 6.26962 -11.0713 48.8427
3 6.24006 -8.64908 49.5982
3 8.28256 -9.90544 49.2093
1 10.1427 -12.6296 57.5198
2 11.9953 -11.7774 54.9106
3 12.0835 -12.2388 56.3539
3 11.2819 -12.8504 53.8464
3 11.3282 -10.3581 54.6208
3 13.539 -11.529 54.1787
1 5.61201 -14.0333 51.9961
2 3.80545 -14.8047 54.6716
3 3.74257 -14.3688 53.1878
3 4.43139 -16.2644 55.0694
3 4.40253 -13.8221 55.6743
3 2.33915 -14.9669 55.3621
1 7.79033 -13.3101 54.7316
1 10.7812 -14.6424 54.4982
2 8.95715 -15.2899 56.3748
3 8.74623 -15.818 57.8347
3 9.43884 -13.8133 56.0457
3 9.64313 -16.2533 55.2895
3 7.33611 -15.2161 55.662
1 7.96599 -10.5272 55.731
1 4.92662 -11.8972 55.2626
2 6.88551 -11.1828 53.2375
3 7.01931 -10.7269 51.7141
3 6.21841 -12.6028 53.5118
3 6.23124 -10.1763 54.2827
3 8.43335 -11.3999 53.8771
1 10.1112 -13.8585 62.2088
2 11.8669 -13.2785 59.6298
3 12.1037 -13.7877 61.0674
3 11.2794 -14.2165 58.545
3 11.2933 -11.8217 59.3141
3 13.456 -13.0307 58.9557
1 5.53212 -15.6208 56.8063
2 3.67567 -16.2757 59.4999
3 3.64139 -15.7353 57.9318
3 4.32762 -15.2823 60.5264
3 4.3636 -17.6642 59.7363
3 2.18694 -16.5387 60.0626
1 7.87149 -14.6704 59.5223
1 10.7081 -16.0395 59.1334
2 8.88684 -16.7557 61.2089
3 8.7871 -17.1932 62.7161
3 9.58362 -15.3567 60.7908
3 9.53924 -17.7636 60.1924
3 7.40106 -16.5345 60.4785
1 7.49359 -11.7313 60.2825
1 4.90861 -13.3829 59.8339
2 6.84537 -12.8031 57.7961
3 6.97401 -12.3153 56.3313
3 6.10867 -11.6261 58.7052
3 6.13898 -14.1683 58.2557
3 8.30287 -12.9554 58.4631
1 10.1724 -15.3015 66.8558
2 12.0167 -14.6332 64.322
3 12.1334 -15.0829 65.8561
3 11.2783 -15.7045 63.2907
3 11.4093 -13.1751 63.8053
3 13.5141 -14.4452 63.5291
1 5.50218 -16.9618 61.3553
2 3.7725 -17.6643 63.9847
3 3.62942 -17.2177 62.5631
3 4.33654 -16.5959 65.0507
3 4.56456 -19.0464 64.3891
3 2.26299 -17.9274 64.7118
1 7.85281 -16.1599 64.2152
1 10.6717 -17.6599 63.7091
2 8.80634 -18.2403 65.7392
3 8.73422 -18.6857 67.2464
3 9.63048 -16.8005 65.5362
3 9.5201 -19.2993 64.8386
3 7.40429 -18.0262 65.0331
1 7.74574 -13.2007 64.7902
1 5.04067 -14.7196 64.5676
2 6.73617 -14.1514 62.5183
3 6.80175 -13.6675 60.9736
3 6.1662 -15.5763 62.7977
3 6.08202 -13.1413 63.5045
3 8.27461 -14.3563 63.0312
1 10.1585 -16.8074 71.4994
2 12.0115 -16.0222 68.8876
3 12.0776 -16.5358 70.3694
3 11.4412 -17.1449 67.8777
3 11.2578 -14.6228 68.6158
3 13.4725 -15.7586 68.3646
1 5.62879 -18.4157 66.0077
2 3.83894 -19.1189 68.7828
3 3.77519 -18.6775 67.2793
3 4.46106 -18.0106 69.7044
3 4.57238 -20.5394 69.1005
3 2.342 -19.352 69.336
1 7.95682 -17.5679 68.7376
1 10.7569 -18.9985 68.4331
2 8.88564 -19.5334 70.3147
3 8.8838 -20.0484 71.8701
3 9.56611 -20.5566 69.3955
3 9.53089 -18.1073 69.9907
3 7.37717 -19.3215 69.6977
1 8.17101 -14.6217 69.7031
1 5.00834 -16.0526 69.2083
2 6.92422 -15.478 67.2459
3 6.98719 -15.016 65.6448
3 6.19672 -14.4142 68.1899
3 6.29301 -16.9141 67.418
3 8.40322 -15.6363 67.781
1 10.2899 -18.375 76.2271
2 12.021 -17.4261 73.5994
3 12.1736 -17.9656 75.0272
3 11.3825 -18.5375 72.4319
3 11.2857 -16.1246 73.2228
3 13.4913 -17.1679 72.8886
1 5.74646 -19.7286 70.807
2 3.8313 -20.4661 73.335
3 3.76616 -20.0577 71.8941
3 4.53558 -19.4176 74.4108
3 4.57918 -21.9072 73.822
3 2.40154 -20.7801 74.0463
1 7.98621 -19.0441 73.5623
1 10.8052 -20.4381 72.9142
2 9.0227 -21.1718 75.1411
3 8.88677 -21.6216 76.6565
3 9.58738 -22.1442 74.1229
3 9.66538 -19.6757 74.7646
3 7.49168 -20.9813 74.4922
1 7.9441 -16.2458 74.2434
1 5.05215 -17.4541 73.924
2 6.91223 -17.1065 71.6948
3 7.05172 -16.4811 70.2659
3 6.30918 -16.0815 72.8117
3 6.29309 -18.5331 72.1477
3 8.42638 -17.2456 72.4419
1 10.2755 -19.8599 80.8158
2 12.1445 -18.8441 78.22
3 12.1501 -19.3121 79.7306
3 11.396 -19.9135 77.2738
3 11.5463 -17.3677 77.8232
3 13.625 -18.72 77.5339
1 5.68622 -21.2833 75.4406
2 3.72878 -22.0585 78.1282
3 3.72392 -21.625 76.6095
3 4.36738 -21.0034 79.1445
3 4.40992 -23.437 78.5194
3 2.2392 -22.3208 78.7849
1 8.12691 -20.5695 78.1633
1 10.6879 -22.0671 77.7133
2 8.94284 -22.7347 79.9068
3 8.82025 -23.2304 81.3778
3 9.68286 -23.6873 78.7459
3 9.61634 -21.3324 79.4646
3 7.40484 -22.3697 79.1923
1 7.7661 -17.6633 78.9938
1 5.17433 -19.2377 78.6833
2 6.88399 -18.5344 76.6053
3 6.97597 -18.0817 75.023
3 6.27414 -17.4378 77.6214
3 6.25871 -19.9687 76.8695
3 8.40529 -18.6421 77.1744
1 10.1389 -21.4253 85.5393
2 11.9454 -20.4157 82.867
3 11.9664 -20.8444 84.4395
3 11.3963 -21.5314 81.8278
3 11.3139 -18.9839 82.4439
3 13.4368 -20.1805 82.2873
1 5.57425 -22.7874 80.2184
2 3.66676 -23.6388 82.7514
3 3.70691 -23.0426 81.3144
3 4.4344 -22.5389 83.8304
3 4.37673 -25.0366 83.0304
3 2.20085 -23.7502 83.4422
1 7.93656 -21.9642 82.872
1 10.6477 -23.4248 82.302
2 9.02179 -24.1363 84.3735
3 8.93458 -24.5968 85.9506
3 9.55231 -25.1616 83.3599
3 9.6994 -22.7539 84.1854
3 7.44136 -23.8847 83.7865
1 7.80434 -19.123 83.6476
1 5.08887 -20.5341 83.1941
2 6.98587 -19.9135 81.2249
3 7.04219 -19.4819 79.7138
3 6.35269 -18.8945 82.3064
3 6.1749 -21.2493 81.6029
3 8.4554 -20.2646 81.8408
1 10.4611 -22.8306 90.0802
2 12.0262 -21.7782 87.6287
3 12.2341 -22.1889 89.0834
3 11.4208 -22.7991 86.6786
3 11.2804 -20.4686 87.2397
3 13.5127 -21.4643 86.8555
1 5.64342 -24.1879 84.9859
2 3.53733 -24.7726 87.5814
3 3.46279 -24.339 86.0505
3 4.39378 -23.718 88.4398
3 4.30663 -26.1905 87.7137
3 2.09471 -25.2052 88.0589
1 8.01621 -23.3189 87.4955
1 10.7789 -24.6081 87.0247
2 8.88204 -25.4662 88.878
3 8.75537 -25.9283 90.368
3 9.51685 -26.6321 87.9424
3 9.65195 -24.1275 88.6298
3 7.40446 -25.2492 88.2582
1 8.10151 -20.5953 88.2565
1 5.0407 -21.8673 87.7683
2 6.97205 -21.4416 85.8297
3 7.05396 -21.0486 84.3204
3 6.28343 -20.4369 86.9321
3 6.29713 -22.8024 86.2913
3 8.4417 -21.6363 86.6205
2 12.8855 -24.8309 91.3623
3 9.40077 -28.8169 93.0161
3 11.4492 -24.3084 91.0777
3 13.7198 -23.3945 91.5637
3 13.8079 -25.8571 90.4987
1 5.50408 -25.298 89.2471
2 3.0713 -29.0084 93.5245
3 4.17452 -28.4597 92.4934
3 3.89072 -29.9241 94.5148
3 1.28713 -31.7049 94.5626
3 2.04338 -28.1744 94.4159
1 4.03583 -32.0753 94.6343
1 10.4634 -27.4741 94.1189
1 7.78836 -25.3273 92.0107
1 5.16006 -27.1591 91.512
2 7.10119 -22.9407 90.8195
3 7.15425 -22.5396 89.3263
3 6.31474 -21.8318 91.7569
3 6.28927 -24.3499 90.8275
3 8.57062 -23.192 91.5587
1 9.74755 10.6348 3.06128
2 9.91074 9.92382 0.364311
3 11.1316 10.175 1.42617
3 10.0872 8.7821 -0.690874
3 9.13269 11.215 -0.0477656
3 14.1363 8.93156 1.28831
2 8.60119 7.67851 1.97378
3 8.40386 7.31985 3.52141
3 9.81066 6.90251 1.32531
3 8.81128 9.20322 1.58606
3 7.24024 6.94887 1.2995
1 7.73298 12.0537 1.04535
1 4.50966 10.6992 1.01212
1 9.93785 9.24424 7.56256
2 11.6398 9.93123 4.9975
3 11.7858 9.57429 6.51675
3 10.9632 11.3774 4.6272
3 10.9017 8.90575 4.02273
3 13.1057 10.1598 4.33789
1 4.84485 7.67906 2.45431
2 3.25465 6.94048 5.00417
3 3.19195 7.35172 3.53028
3 4.00573 5.61203 5.33552
3 3.98466 8.05906 6.01091
3 1.86315 6.69515 5.75813
1 7.51845 8.4786 5.00461
1 10.3717 6.9574 4.50147
2 8.60607 6.39833 6.6222
3 8.49186 5.78431 8.10317
3 9.2588 5.40936 5.54509
3 9.18983 7.85294 6.40713
3 7.08328 6.56746 5.9588
1 7.58285 11.2149 5.85244
1 4.70197 9.88896 5.45424
2 6.45945 10.4164 3.33876
3 6.37072 10.8149 1.82803
3 5.73565 11.4329 4.36904
3 5.88447 8.95004 3.65482
3 7.95717 10.3476 4.01634
1 9.85796 7.80892 12.3792
2 11.7008 8.43793 9.69059
3 11.7876 8.1473 11.2417
3 11.136 7.38502 8.72251
3 11.0013 9.9343 9.36142
3 13.2085 8.66131 9.09749
1 5.27356 6.19301 7.02016
2 3.46606 5.46288 9.55805
3 3.31137 5.89298 8.09422
3 4.13614 6.54979 10.593
3 4.11368 4.00997 9.9487
3 1.98782 5.23516 10.2595
1 7.56569 7.00276 9.69071
1 10.4493 5.60302 9.24382
2 8.52994 5.04652 11.3381
3 8.48416 4.4066 12.7755
3 9.254 3.96077 10.3208
3 9.34098 6.3956 10.9624
3 7.06815 5.17003 10.6767
1 7.62164 9.9523 10.3745
1 4.82886 8.45426 10.2547
2 6.5778 8.97815 8.01759
3 6.76901 9.49386 6.5596
3 5.82371 10.0059 8.96311
3 5.84037 7.62958 8.37893
3 8.07451 8.79319 8.68471
1 9.80306 6.31776 17.1487
2 11.6287 6.9357 14.4019
3 11.8048 6.47409 15.9123
3 11.0318 6.0222 13.3428
3 10.9778 8.40067 14.0672
3 13.1791 7.16253 13.8075
1 5.3675 4.8407 11.5331
2 3.50193 3.83088 14.2402
3 3.43079 4.4691 12.7785
3 4.09516 4.91472 15.3604
3 4.25743 2.47422 14.7092
3 2.02687 3.64093 14.9479
1 7.45366 5.35104 14.2697
1 10.4 4.20802 13.8375
2 8.69291 3.46482 16.0451
3 8.49337 2.92454 17.4635
3 9.307 4.89004 15.6468
3 9.20601 2.26004 15.1521
3 7.16277 3.68797 15.4089
1 7.57361 8.28532 15.1133
1 4.81521 6.94947 14.8111
2 6.51539 7.6217 12.6134
3 6.65203 8.08069 11.1912
3 5.82711 6.18844 13.0546
3 5.96875 8.6401 13.6895
3 8.02067 7.32465 13.2386
1 9.86379 4.81536 21.6719
2 11.7054 5.6203 19.0638
3 11.9065 5.20439 20.5963
3 11.0643 4.52287 18.0725
3 11.1134 7.03606 18.6724
3 13.2942 5.76996 18.5043
1 5.35401 3.29055 16.3078
2 3.54757 2.51341 18.9422
3 3.43393 3.0175 17.4275
3 4.12269 3.59253 19.9777
3 4.23761 1.03279 19.3204
3 2.07959 2.18192 19.6347
1 7.52627 4.06443 19.0073
1 10.4886 2.5752 18.6085
2 8.52854 1.83826 20.6783
3 8.54784 1.44398 22.2152
3 9.07615 0.744125 19.6375
3 9.30165 3.27643 20.3734
3 7.09218 2.24861 19.9247
1 7.62342 6.72384 19.8809
1 4.66915 5.42525 19.566
2 6.51552 6.11271 17.3802
3 6.74122 6.55133 15.8779
3 5.80236 4.72809 17.6906
3 5.97879 7.22033 18.4366
3 8.07797 5.85764 18.0817
1 9.90008 3.33573 26.315
2 11.7454 4.22158 23.7983
3 11.8006 3.75451 25.3336
3 11.0783 5.64917 23.3974
3 11.1532 3.18937 22.7654
3 13.2891 4.36871 23.1833
1 5.22583 1.90571 20.9178
2 3.48673 1.04846 23.6792
3 3.31668 1.4794 22.1673
3 4.21414 -0.340539 23.9427
3 4.15359 2.02635 24.7221
3 1.9821 0.900257 24.3376
1 7.69166 2.4342 23.6251
1 10.5262 1.11932 23.264
2 8.64037 0.5286 25.2708
3 8.64064 0.0539484 26.7813
3 9.30816 -0.530382 24.273
3 9.36259 1.8537 24.9057
3 7.1428 0.745014 24.6258
1 7.60505 5.46736 24.4415
1 4.85714 3.91971 24.2236
2 6.61241 4.59095 22.0972
3 6.78926 5.05478 20.6116
3 5.91974 3.15527 22.4007
3 6.01474 5.69159 23.0418
3 8.11281 4.32347 22.7684
1 10.1095 1.66662 31.1122
2 11.8084 2.69675 28.4455
3 11.9994 2.32293 29.9387
3 11.1981 1.64566 27.4879
3 11.0631 4.02944 28.0168
3 13.3719 3.01661 27.8468
1 5.35669 0.40403 25.6635
2 3.72371 -0.350235 28.263
3 3.42221 0.0895386 26.7832
3 4.40663 0.715939 29.2047
3 4.35754 -1.75907 28.5386
3 2.23638 -0.530736 28.9032
1 7.78135 1.0547 28.3623
1 10.6777 -0.2175 27.9293
2 8.82768 -0.979786 29.9936
3 8.68206 -1.42955 31.3853
3 9.47767 -2.08094 28.9049
3 9.65257 0.287014 29.6504
3 7.34221 -0.690102 29.2241
1 7.73969 3.88293 29.1143
1 4.92329 2.56041 28.6685
2 6.71647 3.18894 26.6988
3 6.80616 3.59084 25.1946
3 6.00596 1.87219 27.0085
3 5.96741 4.28092 27.6432
3 8.21635 3.02636 27.4217
1 10.0653 0.455315 35.7297
2 11.9084 1.26339 33.1644
3 12.0259 0.747666 34.5966
3 11.2128 0.250685 32.1929
3 11.222 2.65239 32.8808
3 13.3598 1.54825 32.5382
1 5.51807 -1.09275 30.3342
2 3.78879 -1.87885 32.8866
3 3.60867 -1.29719 31.3986
3 4.49615 -3.26243 33.343
3 4.39057 -0.683488 33.7798
3 2.27571 -2.10478 33.5593
1 7.73443 -0.381824 33.0038
1 10.7253 -1.61412 32.5269
2 8.90686 -2.38842 34.6465
3 8.7804 -3.00278 36.0674
3 9.67017 -3.42555 33.6371
3 9.54793 -0.951267 34.3322
3 7.44407 -2.20251 33.8953
1 7.8329 2.53131 33.8553
1 5.02756 1.25898 33.2884
2 6.84392 1.73526 31.3454
3 6.9186 2.1269 29.8821
3 6.05476 0.358335 31.5938
3 6.27561 2.70292 32.3841
3 8.32785 1.34401 32.0084
1 10.0393 -1.08944 40.4131
2 11.9417 -0.216169 37.7664
3 12.0877 -0.615285 39.2459
3 11.2031 -1.2413 36.7642
3 11.1852 1.16869 37.4162
3 13.4534 -0.087712 37.0726
1 5.46969 -2.60017 35.0862
2 3.75153 -3.28951 37.5506
3 3.5915 -2.84299 36.0848
3 4.34417 -2.25242 38.6456
3 4.39741 -4.77912 37.7732
3 2.25168 -3.55923 38.2075
1 7.98864 -1.72685 37.7533
1 10.8525 -3.24041 37.1989
2 8.82078 -3.75488 39.291
3 8.78853 -4.22327 40.8901
3 9.45593 -4.88853 38.4187
3 9.57272 -2.32901 38.8825
3 7.34876 -3.45933 38.6986
1 7.71187 1.1742 38.5962
1 4.91168 -0.383262 38.1774
2 6.79383 0.274687 36.0702
3 6.99109 0.808986 34.5276
3 6.18568 -1.23784 36.3846
3 6.11478 1.25864 37.0789
3 8.2871 0.0438958 36.7082
1 10.2684 -2.54654 45.0476
2 11.9718 -1.63395 42.39
3 12.1801 -2.09626 43.8957
3 11.3536 -2.67168 41.3007
3 11.2524 -0.237884 42.0769
3 13.4828 -1.43566 41.7203
1 5.60829 -4.0176 39.8277
2 3.58992 -4.72662 42.2343
3 3.57869 -4.30704 40.7105
3 4.23769 -3.59349 43.2592
3 4.3582 -6.01285 42.7016
3 2.06218 -4.95815 42.9311
1 8.03676 -3.13741 42.515
1 10.6587 -4.75194 41.8725
2 8.90791 -5.22742 43.9449
3 8.84218 -5.57078 45.4636
3 9.60067 -3.79139 43.6263
3 9.5265 -6.21432 42.7884
3 7.34973 -5.00414 43.3995
1 7.77298 -0.221424 43.1101
1 4.9828 -1.74612 43.0281
2 6.86844 -1.18104 40.8155
3 6.96387 -0.542433 39.3524
3 6.19632 -2.56283 41.0243
3 6.12974 -0.148231 41.7847
3 8.33263 -1.32569 41.4739
1 10.3333 -3.86085 49.6613
2 12.0507 -2.98306 47.1077
3 12.1764 -3.50029 48.5701
3 11.3747 -3.98567 46.0665
3 11.3263 -1.62743 46.781
3 13.5884 -2.86396 46.4283
1 5.61516 -5.43548 44.3056
2 3.65506 -6.1759 46.987
3 3.4686 -5.71686 45.4286
3 4.26941 -5.05986 47.9679
3 4.34595 -7.59757 47.3895
3 2.14039 -6.31965 47.6142
1 7.85357 -4.63452 47.0723
1 10.704 -6.03038 46.4187
2 8.874 -6.57049 48.7375
3 8.86249 -7.12815 50.2242
3 9.59942 -5.17364 48.3295
3 9.43961 -7.5795 47.6962
3 7.29428 -6.42121 48.0913
1 8.04259 -1.80453 47.8992
1 5.04156 -3.20839 47.4819
2 6.92784 -2.57646 45.4989
3 7.0145 -2.11884 43.9383
3 6.17998 -3.96214 45.7817
3 6.271 -1.52471 46.5517
3 8.35431 -2.87217 46.1281
1 10.3322 -5.45166 54.4132
2 12.0523 -4.43975 51.7558
3 12.162 -4.95379 53.2318
3 11.3952 -5.52884 50.8302
3 11.3034 -3.07038 51.3959
3 13.5066 -4.27353 51.0068
1 5.60349 -6.7957 49.0248
2 3.82874 -7.6874 51.7111
3 3.70201 -7.17041 50.073
3 4.44695 -6.55199 52.5764
3 4.39212 -9.07246 51.9784
3 2.34049 -7.9228 52.3692
1 8.02408 -5.91439 51.7645
1 10.7747 -7.66248 51.3234
2 8.86804 -8.29271 53.3386
3 8.71458 -8.60264 54.8552
3 9.54917 -9.27196 52.3864
3 9.57129 -6.81944 53.0316
3 7.3715 -7.95026 52.5785
1 7.93518 -3.18781 52.5927
1 4.98921 -4.50782 51.9949
2 7.01533 -3.87171 50.1861
3 6.94061 -3.49927 48.6667
3 6.31181 -5.32818 50.5606
3 6.22323 -2.86943 51.1416
3 8.45087 -4.14355 50.823
1 10.2045 -6.74555 59.0451
2 12.2426 -6.00139 56.4017
3 12.2759 -6.43103 57.9595
3 11.5582 -7.05614 55.4485
3 11.4946 -4.61518 56.0267
3 13.6303 -5.72345 55.7553
1 5.67638 -8.32731 53.6614
2 3.76134 -8.99102 56.2358
3 3.71966 -8.5849 54.7587
3 4.49728 -7.93627 57.2538
3 4.41916 -10.4588 56.572
3 2.3069 -9.1931 56.8975
1 7.79015 -7.53388 56.2449
1 10.7585 -8.85847 55.9308
2 8.91033 -9.49924 58.0322
3 8.78635 -10.0529 59.4963
3 9.5232 -10.5513 57.1057
3 9.56478 -8.12068 57.6264
3 7.34281 -9.39901 57.2717
1 7.97927 -4.58492 57.1873
1 5.07777 -6.07517 56.7745
2 7.01948 -5.37091 54.6874
3 7.01448 -4.96934 53.241
3 6.29402 -6.74893 55.1306
3 6.38345 -4.26541 55.7126
3 8.48254 -5.63709 55.3827
1 10.1336 -8.39814 63.7385
2 12.0545 -7.42738 61.0882
3 12.2095 -7.92822 62.5951
3 11.3438 -8.4422 59.9989
3 11.3132 -6.0695 60.7217
3 13.5131 -7.13628 60.462
1 5.55972 -9.6374 58.2245
2 3.66788 -10.566 60.9528
3 3.72416 -10.065 59.5156
3 4.36565 -11.9351 61.3472
3 4.2218 -9.44073 62.0459
3 2.17116 -10.6373 61.6582
1 7.99464 -8.81757 61.029
1 10.5599 -10.2863 60.4962
2 8.90802 -11.0279 62.5666
3 8.76124 -11.4991 64.0411
3 9.59933 -9.63441 62.321
3 9.47979 -12.081 61.6323
3 7.32339 -10.8211 61.9688
1 7.83583 -5.91652 61.6724
1 4.9934 -7.54878 61.4958
2 6.81542 -6.95096 59.3489
3 6.91909 -6.42488 57.8867
3 6.14503 -8.36447 59.6794
3 6.27293 -5.90191 60.4822
3 8.33253 -7.18443 60.053
1 9.97533 -9.57487 68.2635
2 12.0628 -8.90705 65.8064
3 12.098 -9.46698 67.2637
3 11.2885 -9.86331 64.7409
3 11.5005 -7.45333 65.4445
3 13.5275 -8.74739 65.1542
1 5.58795 -11.1521 63.097
2 3.69576 -11.8494 65.603
3 3.67744 -11.5059 64.1423
3 4.16674 -13.3547 65.9206
3 4.43649 -10.9259 66.5735
3 2.15735 -12.0629 66.316
1 8.05976 -10.3265 65.537
1 10.7843 -11.7571 65.1906
2 8.79724 -12.4325 67.1428
3 8.71837 -12.843 68.6452
3 9.54185 -10.9822 66.8777
3 9.57169 -13.4823 66.2288
3 7.36521 -12.2648 66.4844
1 7.88921 -7.4696 66.4754
1 4.99926 -8.93513 66.1049
2 6.82642 -8.33216 64.0537
3 6.89079 -7.99682 62.5872
3 6.23243 -9.80729 64.3423
3 6.10328 -7.26676 65.0052
3 8.30228 -8.50698 64.5964
1 10.3355 -11.0455 73.1035
2 11.9793 -10.2329 70.3673
3 12.0102 -10.6027 71.9089
3 11.3372 -11.3921 69.4344
3 11.2775 -8.86796 70.0561
3 13.4736 -9.98311 69.7735
1 5.45863 -12.6903 67.6752
2 3.84328 -13.3147 70.3255
3 3.63937 -12.8513 68.7673
3 4.38196 -12.1149 71.4445
3 4.49929 -14.657 70.6789
3 2.34328 -13.612 71.0257
1 7.87437 -11.8235 70.3004
1 10.897 -13.2 70.0443
2 9.02172 -13.9148 72.1367
3 8.94047 -14.352 73.6185
3 9.57514 -14.9196 71.0802
3 9.74772 -12.5466 71.7212
3 7.52304 -13.6129 71.4267
1 7.94943 -8.94815 71.1224
1 5.02914 -10.2419 70.8026
2 6.78911 -9.8894 68.7206
3 7.12374 -9.27885 67.2179
3 6.09918 -8.83948 69.7058
3 6.16217 -11.2941 69.0222
3 8.31817 -10.1093 69.3961
1 10.3009 -12.4977 77.705
2 12.1336 -11.7346 75.2036
3 12.1552 -12.279 76.6706
3 11.4899 -12.7718 74.1379
3 11.2694 -10.3485 74.7908
3 13.6347 -11.4813 74.4653
1 5.67403 -14.0462 72.2518
2 3.89094 -14.6514 74.9981
3 3.82585 -14.2399 73.4567
3 4.42064 -13.7106 76.1813
3 4.48663 -16.1701 75.4176
3 2.31989 -15.039 75.5928
1 8.06426 -13.2242 75.0395
1 10.7184 -14.7604 74.5705
2 8.94764 -15.3261 76.6964
3 8.80851 -15.8184 78.2448
3 9.54685 -16.3867 75.6751
3 9.64657 -14.0288 76.3958
3 7.42273 -15.0963 76.044
1 8.0699 -10.4018 75.6883
1 5.21723 -11.8799 75.5003
2 6.92644 -11.3049 73.342
3 6.9434 -10.8543 71.8354
3 6.2325 -10.313 74.4019
3 6.24917 -12.7396 73.739
3 8.41575 -11.4046 74.0213
1 10.1478 -14.0718 82.3973
2 11.9966 -13.2101 79.8034
3 12.176 -13.6889 81.2938
3 11.4006 -14.3413 78.8071
3 11.3779 -11.8107 79.4154
3 13.5511 -13.0751 79.1812
1 5.51459 -15.6236 77.2404
2 3.84668 -16.2784 79.7457
3 3.73176 -15.7306 78.2443
3 4.50609 -15.2946 80.81
3 4.61568 -17.7624 80.0142
3 2.32881 -16.5712 80.3455
1 8.11116 -14.7118 79.909
1 10.7163 -16.2356 79.3257
2 8.91491 -16.7997 81.3961
3 8.95464 -17.2738 82.8347
3 9.64635 -17.8685 80.2925
3 9.62847 -15.4252 81.0283
3 7.4307 -16.6288 80.7387
1 7.97199 -11.9563 80.4566
1 5.1336 -13.2316 80.1586
2 6.93664 -12.7177 78.0364
3 6.97254 -12.2627 76.5815
3 6.26192 -11.6805 79.0685
3 6.21366 -14.1015 78.4659
3 8.46766 -12.9061 78.7822
1 10.1886 -15.5636 87.0159
2 12.0067 -14.7344 84.495
3 12.084 -15.2228 85.9674
3 11.3346 -15.7068 83.4618
3 11.3424 -13.3434 84.2259
3 13.4424 -14.5729 83.8208
1 5.64704 -17.0307 81.6664
2 3.98134 -17.7781 84.345
3 3.76162 -17.3363 82.804
3 4.42085 -16.5911 85.3874
3 4.57711 -19.173 84.6904
3 2.32466 -18.0593 84.9181
1 8.01146 -16.1951 84.3209
1 10.8125 -17.6339 83.9825
2 8.92635 -18.2157 86.0625
3 8.76417 -18.7864 87.5418
3 9.37794 -19.4396 84.9828
3 9.62278 -16.9694 85.6721
3 7.462 -17.9782 85.3331
1 7.80489 -13.3298 85.1687
1 5.11892 -14.7326 84.9042
2 6.89282 -14.2239 82.8189
3 7.10896 -13.7164 81.3605
3 6.11392 -13.2013 83.8309
3 6.25871 -15.6345 83.2143
3 8.39512 -14.3515 83.4686
1 10.0738 -16.8993 91.671
2 12.0417 -16.1568 89.0237
3 11.8723 -16.6451 90.4992
3 11.3065 -17.2064 87.9917
3 11.3076 -14.7162 88.7187
3 13.4364 -16.03 88.4401
1 5.61083 -18.4986 86.6658
2 3.64458 -19.2392 88.9786
3 3.63515 -18.628 87.5611
3 4.46242 -18.2351 89.9772
3 4.44276 -20.6477 89.124
3 2.08179 -19.2996 89.6727
1 7.90154 -17.7272 89.2633
1 10.7317 -19.0578 88.675
2 8.88942 -19.9305 90.7047
3 8.70675 -20.2574 92.2672
3 9.55117 -21.0282 89.7546
3 9.55072 -18.5076 90.4571
3 7.47947 -19.6764 89.9806
1 7.56576 -14.7476 89.8696
1 5.12447 -16.3453 89.4149
2 6.89684 -15.6012 87.4194
3 7.05014 -15.0993 85.9247
3 6.25992 -14.4536 88.3926
3 6.19194 -16.9954 87.8082
3 8.33542 -15.9355 88.161
1 5.59594 -20.0567 90.8022
2 6.29867 -26.1095 94.0117
3 4.03448 -23.8615 94.3216
3 6.7175 -24.5658 93.739
3 5.40502 -35.2127 96.3169
3 4.71736 -26.2557 94.1071
1 7.85439 -28.3275 93.8241
1 10.1981 -24.2789 92.6716
2 6.74929 -17.3714 92.2018
3 6.94977 -16.7376 90.7385
3 5.89775 -16.355 93.0336
3 6.10349 -18.9152 92.3091
3 8.21706 -17.4346 92.9247
1 9.78601 16.2827 4.60927
2 11.754 17.0971 1.78407
3 11.9345 16.6481 3.36477
3 10.6507 16.1338 1.15637
3 11.0038 18.5193 1.72426
3 13.2195 17.2403 1.18388
2 3.27841 13.7607 1.62818
3 3.28555 14.1334 0.186809
3 3.81394 12.2711 1.99139
3 4.03981 14.7932 2.66582
3 1.80244 13.7004 2.41441
1 9.14523 17.5793 1.95917
1 10.3396 14.2379 1.65508
2 8.35442 13.6018 3.43143
3 8.34514 13.1519 4.9699
3 9.20286 12.5827 2.46615
3 9.0757 15.0044 3.19322
3 6.92602 13.5144 2.7473
1 6.25802 18.6271 2.82359
1 4.60463 16.6365 2.25068
1 9.84462 14.9178 9.25258
2 11.7679 15.7371 6.59439
3 11.7884 15.2409 8.07406
3 11.0822 14.6974 5.45229
3 11.0616 17.1131 6.24759
3 13.197 15.9853 5.83516
1 5.18383 13.3804 3.81861
2 3.41961 12.67 6.39861
3 3.27126 13.1078 4.93751
3 3.96422 13.77 7.37564
3 4.1481 11.2844 6.70779
3 1.97158 12.3266 7.10817
1 7.29351 14.1215 6.39927
1 10.4194 12.7726 5.98816
2 8.665 12.1631 8.14554
3 8.471 11.5026 9.58145
3 9.25527 11.112 7.02957
3 9.37105 13.5104 7.91793
3 7.11374 12.2719 7.44702
1 7.37042 17.1669 7.28584
1 4.65394 15.667 6.92539
2 6.48801 16.242 4.85472
3 6.39659 16.7187 3.36001
3 5.93541 17.3775 5.83685
3 5.75192 14.8686 5.21998
3 7.96498 16.0201 5.57927
1 9.85469 13.4 13.9097
2 11.6886 14.288 11.3331
3 11.7844 13.8189 12.8361
3 11.0988 13.1771 10.209
3 10.9501 15.6483 11.0737
3 13.0951 14.602 10.6353
1 5.24071 11.9477 8.49624
2 3.3566 11.148 11.1304
3 3.32861 11.6175 9.62171
3 4.13972 9.80485 11.5262
3 3.98066 12.2648 12.0872
3 1.94921 10.9864 11.8291
1 7.62007 12.7742 11.1719
1 10.5472 11.3654 10.7252
2 8.53582 10.6716 12.8489
3 8.55501 10.1871 14.3795
3 9.16079 9.61574 11.8248
3 9.39768 12.0253 12.471
3 7.0766 10.9733 12.271
1 7.45229 15.531 12.0806
1 4.69362 14.1412 11.5806
2 6.61621 14.7768 9.61265
3 6.64272 15.3104 8.08462
3 5.82868 13.4298 9.88037
3 5.95986 15.8623 10.5918
3 7.99562 14.4672 10.289
1 9.84657 12.0218 18.4448
2 11.5612 12.8854 15.889
3 11.7542 12.378 17.4173
3 10.9699 11.8105 14.9178
3 10.9677 14.2794 15.5829
3 13.1141 13.0968 15.2235
1 5.17329 10.4816 13.2522
2 3.3505 9.7001 15.7332
3 3.40622 10.0968 14.276
3 4.11786 8.27726 16.1735
3 4.05492 10.6955 16.7148
3 1.92731 9.42182 16.3238
1 7.6514 11.1901 15.8689
1 10.246 9.63822 15.5105
2 8.45326 9.20583 17.6527
3 8.53649 8.66574 19.1345
3 9.13771 8.16029 16.6368
3 9.16617 10.5797 17.252
3 7.04505 9.48205 16.7761
1 7.34526 14.0184 16.6584
1 4.66076 12.5873 16.3028
2 6.44723 13.276 14.1209
3 6.55499 13.831 12.7131
3 5.6931 11.9851 14.5116
3 5.88616 14.2996 15.2547
3 8.01017 12.9702 14.7903
1 10.01 10.3934 23.1675
2 11.7465 11.3941 20.6229
3 11.7037 10.8696 22.1039
3 11.0723 10.3008 19.6318
3 11.067 12.764 20.2916
3 13.2293 11.6126 19.8301
1 5.20121 9.12708 17.9696
2 3.51311 8.30324 20.4146
3 3.40903 8.77477 18.9314
3 4.28272 6.92918 20.8235
3 4.05057 9.33935 21.491
3 2.0464 7.99108 21.0169
1 7.57836 9.72116 20.6277
1 10.4127 8.41599 20.0519
2 8.57208 7.78227 22.1359
3 8.48729 7.27899 23.667
3 9.3089 6.79059 21.1423
3 9.20683 9.18961 21.8845
3 7.13132 8.02467 21.4475
1 7.7203 12.6647 21.3913
1 4.69555 11.1402 20.8742
2 6.65385 11.8408 18.9651
3 6.53972 12.244 17.3506
3 5.90471 12.8433 19.9718
3 6.05922 10.415 19.2574
3 8.15251 11.7361 19.61
1 10.0586 9.0934 27.8466
2 11.8421 9.94341 25.3092
3 11.9268 9.47062 26.7103
3 11.1782 8.93004 24.2707
3 11.1542 11.3869 24.954
3 13.3269 10.2348 24.6058
1 5.31584 7.66716 22.5696
2 3.42941 6.8566 25.0927
3 3.43485 7.30048 23.6178
3 4.15463 7.87231 26.0326
3 4.20535 5.37774 25.4019
3 2.04412 6.62225 25.8529
1 7.75983 8.51382 25.2528
1 10.411 7.02063 24.738
2 8.59545 6.18088 26.7632
3 8.52891 5.78363 28.2592
3 9.13493 5.23743 25.7249
3 9.27495 7.67597 26.5498
3 7.07947 6.50525 26.1067
1 7.77725 11.2532 26.0578
1 4.85899 9.88274 25.5535
2 6.69535 10.4805 23.6063
3 6.80637 10.922 22.1143
3 6.07969 9.01647 23.8942
3 5.92572 11.4247 24.606
3 8.15334 10.3137 24.3134
1 10.0516 7.51638 32.4332
2 11.8847 8.39259 29.9805
3 12.017 7.97109 31.4485
3 11.1466 7.35211 29.0095
3 11.2246 9.835 29.6205
3 13.297 8.64091 29.2722
1 5.4118 6.1692 27.1047
2 3.70575 5.39172 29.716
3 3.49036 5.92924 28.2278
3 4.47786 4.10688 30.1422
3 4.23116 6.49396 30.7869
3 2.10383 5.06175 30.4179
1 7.63147 6.80697 29.8261
1 10.7241 5.53137 29.3539
2 8.74049 4.70321 31.495
3 8.66638 4.36336 33.0193
3 9.31488 3.50491 30.6356
3 9.54553 6.12098 31.1293
3 7.27401 4.86501 30.8029
1 7.93301 9.80896 30.6755
1 4.84505 8.39492 30.2583
2 6.69493 9.09778 28.2518
3 6.77524 9.5424 26.7635
3 6.04054 10.2346 29.218
3 5.90462 7.65926 28.588
3 8.20553 8.72579 28.8939
1 10.2133 6.30435 37.1327
2 11.8659 7.04912 34.5997
3 12.0579 6.61412 36.1003
3 11.2796 6.02338 33.6083
3 11.1152 8.42232 34.2031
3 13.445 7.3788 33.9878
1 5.55891 4.68607 31.8646
2 3.69756 3.91349 34.4711
3 3.6125 4.44377 32.9522
3 4.37349 5.02556 35.427
3 4.50544 2.56682 34.8113
3 2.23142 3.65657 35.166
1 8.01829 5.51011 34.4742
1 10.6109 3.98168 34.1947
2 8.80211 3.46667 36.2838
3 8.77738 2.95948 37.7766
3 9.52415 2.41946 35.2201
3 9.5294 4.86489 35.8587
3 7.33116 3.61221 35.6614
1 7.83931 8.30088 35.349
1 5.04733 6.89852 34.8411
2 6.84311 7.4782 32.8781
3 6.83973 7.83569 31.3549
3 6.17002 6.11659 33.2051
3 6.13723 8.58707 33.8397
3 8.25263 7.31129 33.5496
1 10.0344 4.91626 41.9157
2 11.9921 5.56113 39.2733
3 12.0117 5.0683 40.7585
3 11.2899 4.55234 38.1837
3 11.4287 7.005 38.91
3 13.4769 5.72195 38.638
1 5.63495 3.35354 36.5496
2 3.61593 2.54562 39.161
3 3.58264 2.85665 37.6059
3 4.45294 3.51396 40.1707
3 4.29636 1.05886 39.5051
3 2.18776 2.37303 39.7932
1 8.07443 4.1324 39.2881
1 10.7655 2.59264 38.8102
2 8.85986 1.97983 40.9487
3 8.60537 1.52526 42.4049
3 9.55838 3.39724 40.5041
3 9.49661 0.915254 39.9805
3 7.40932 2.29611 40.2841
1 7.80161 6.93417 39.9728
1 5.02751 5.41321 39.7301
2 6.845 5.9853 37.5549
3 7.0751 6.56458 36.0141
3 6.15588 4.63917 37.9319
3 6.22742 7.07468 38.5378
3 8.35815 5.82807 38.2307
1 10.2206 3.22526 46.4865
2 11.9757 4.16403 43.8817
3 12.0349 3.67876 45.4085
3 11.2818 2.99902 42.9404
3 11.308 5.55838 43.578
3 13.4246 4.39434 43.2564
1 5.58842 1.76262 41.1471
2 3.64469 1.12835 43.8445
3 3.55822 1.60442 42.3503
3 4.30918 2.23059 44.8394
3 4.38042 -0.277163 44.1612
3 2.19502 0.740513 44.5621
1 7.80838 2.61345 43.9467
1 10.6194 1.051 43.4875
2 8.78663 0.527273 45.4916
3 8.7988 0.117691 46.9868
3 9.50632 -0.529801 44.4435
3 9.53479 1.88624 45.2393
3 7.27928 0.680256 44.899
1 7.80474 5.41256 44.6945
1 4.94329 4.00158 44.3137
2 6.75858 4.52298 42.233
3 6.87609 5.07159 40.7968
3 6.10106 3.13941 42.7484
3 6.08449 5.64821 43.2443
3 8.24851 4.38786 42.9377
1 10.1675 1.85012 51.344
2 11.9846 2.76864 48.6148
3 12.0838 2.29716 50.1473
3 11.351 1.71692 47.6268
3 11.2985 4.16323 48.2329
3 13.4192 2.98241 47.9754
1 5.59832 0.326341 45.9735
2 3.89108 -0.394108 48.5221
3 3.74891 -0.0285352 46.9825
3 4.33865 0.68966 49.5824
3 4.4457 -1.75034 48.8739
3 2.31668 -0.581921 49.1817
1 7.88344 1.08944 48.4796
1 10.872 -0.200333 48.3366
2 8.95336 -0.821453 50.1407
3 8.83231 -1.35732 51.6655
3 9.61354 0.584808 49.7878
3 9.61873 -1.79981 49.1839
3 7.41528 -0.779888 49.587
1 7.80534 3.832 49.4282
1 4.97786 2.54192 49.0545
2 6.74804 3.18749 46.9102
3 6.88658 3.64616 45.4745
3 6.13235 1.75235 47.3266
3 6.19627 4.17256 47.9376
3 8.27474 2.9014 47.6722
1 10.1938 0.496152 55.6321
2 12.0809 1.26448 53.3741
3 12.2145 0.838144 54.8141
3 11.3917 0.20013 52.364
3 11.3715 2.64785 53.0202
3 13.594 1.41607 52.6553
1 5.6814 -1.14267 50.5629
2 3.76816 -1.82062 53.1981
3 3.6575 -1.40709 51.6738
3 4.34373 -0.763343 54.2091
3 4.45664 -3.15745 53.5216
3 2.32308 -2.08147 53.9071
1 7.86199 -0.429702 53.1481
1 10.7155 -1.80048 52.8195
2 8.87182 -2.39059 54.8495
3 8.84069 -2.78521 56.3767
3 9.60822 -1.01264 54.4773
3 9.46729 -3.49468 53.8145
3 7.39015 -2.12818 54.2027
1 7.94342 2.62105 53.8942
1 5.05785 1.05709 53.7547
2 6.79281 1.68423 51.68
3 6.96448 2.09959 50.1227
3 6.17955 0.312581 52.0485
3 6.20059 2.86807 52.5126
3 8.34764 1.43984 52.3778
1 10.219 -1.12098 60.5306
2 12.0268 -0.107878 57.9824
3 12.0851 -0.679913 59.4712
3 11.254 -1.17427 56.9931
3 11.3737 1.34839 57.6332
3 13.5716 0.00864262 57.3431
1 5.66227 -2.41694 55.2794
2 3.84773 -3.27984 57.826
3 3.71447 -2.75904 56.3219
3 4.51167 -2.25445 58.8842
3 4.53164 -4.72644 58.1482
3 2.35908 -3.44205 58.4709
1 7.94025 -1.77207 57.9129
1 10.833 -3.1226 57.2701
2 9.02824 -3.8091 59.4145
3 8.89778 -4.2692 60.927
3 9.59539 -2.39108 59.0736
3 9.58116 -4.92808 58.455
3 7.51619 -3.58327 58.8352
1 7.97434 1.12601 58.7046
1 5.12609 -0.36145 58.3381
2 6.96057 0.338731 56.2267
3 7.02243 0.787399 54.7658
3 6.25685 -1.13591 56.6404
3 6.24391 1.30863 57.3536
3 8.43583 0.196302 56.7854
1 10.2237 -2.58453 65.1593
2 12.1143 -1.71334 62.5513
3 12.1638 -2.0967 64.0584
3 11.4719 -2.70906 61.5508
3 11.2923 -0.241274 62.2573
3 13.5601 -1.3788 61.911
1 5.63033 -3.88931 59.9792
2 3.85306 -4.67269 62.4627
3 3.78501 -4.22261 60.9147
3 4.58979 -3.59754 63.4205
3 4.41825 -6.10367 62.829
3 2.4325 -4.84794 63.0954
1 8.21381 -3.11985 62.4939
1 10.8242 -4.68088 62.1731
2 8.90388 -5.33494 64.1595
3 8.8057 -5.78215 65.684
3 9.75618 -6.34058 63.2737
3 9.59687 -3.84488 63.7628
3 7.50438 -5.21245 63.5217
1 7.91746 -0.270209 63.297
1 5.13106 -1.77448 63.0032
2 6.93447 -1.09159 60.8945
3 7.00796 -0.585413 59.4112
3 6.28206 -2.48231 61.2343
3 6.20992 -0.109452 61.9124
3 8.47064 -1.21539 61.5595
1 10.1671 -3.78714 70.0152
2 12.0546 -3.03761 67.4014
3 12.1234 -3.41998 68.9152
3 11.3882 -1.64636 66.9825
3 11.3825 -4.14194 66.2667
3 13.4296 -2.825 66.6568
1 5.54764 -5.40388 64.5893
2 3.72931 -6.16068 67.0689
3 3.63636 -5.66794 65.6128
3 4.49383 -7.53775 67.4151
3 4.39173 -5.04008 68.1717
3 2.27935 -6.45726 67.8432
1 7.97198 -4.51947 67.1981
1 10.7844 -6.09596 66.7118
2 8.91017 -6.64724 68.8721
3 8.72426 -7.18727 70.3356
3 9.574 -5.21276 68.4945
3 9.60558 -7.71714 67.9106
3 7.45157 -6.53535 68.2166
1 8.07099 -1.78482 67.8904
1 5.19597 -3.24741 67.6986
2 6.96441 -2.63308 65.5196
3 7.05158 -2.09216 64.0002
3 6.22034 -3.98673 65.8823
3 6.36771 -1.69854 66.6007
3 8.4433 -2.81182 66.2018
1 10.2516 -5.4474 74.6444
2 11.9862 -4.53313 72.023
3 11.9655 -4.90401 73.5333
3 11.3988 -5.63753 70.9476
3 11.2699 -3.1741 71.7133
3 13.4997 -4.26068 71.3419
1 5.67363 -6.86155 69.5115
2 3.80823 -7.42169 71.8514
3 3.5943 -7.21145 70.3286
3 4.42359 -6.39443 72.8907
3 4.50167 -8.91337 72.2097
3 2.3017 -7.75902 72.5679
1 8.05302 -5.95305 72.0427
1 10.8583 -7.53685 71.4919
2 8.96509 -8.17297 73.5003
3 8.80462 -8.64392 75.0263
3 9.55875 -9.13945 72.4559
3 9.55576 -6.76297 73.1553
3 7.44604 -8.00495 72.8693
1 7.96184 -3.02089 72.7675
1 5.03573 -4.50819 72.37
2 6.9011 -3.94827 70.3716
3 7.09339 -3.56426 68.8734
3 6.3028 -2.97776 71.4263
3 6.15242 -5.3078 70.6536
3 8.46177 -4.18124 71.0006
1 10.1691 -6.78249 79.2247
2 12.0137 -5.92681 76.6961
3 12.0581 -6.34088 78.2649
3 11.4169 -6.92307 75.6488
3 11.3961 -4.48684 76.2628
3 13.547 -5.78801 76.0196
1 5.68068 -8.37251 73.9512
2 3.85728 -9.11239 76.5266
3 3.83179 -8.62086 75.0122
3 4.45444 -8.00506 77.538
3 4.39471 -10.5562 76.9123
3 2.38745 -9.21766 77.0856
1 7.77601 -7.68908 76.5935
1 10.9182 -8.89186 76.1035
2 8.8832 -9.64162 78.1519
3 8.79413 -10.2056 79.6225
3 9.61758 -10.6132 77.1265
3 9.52984 -8.23298 77.8727
3 7.4748 -9.40952 77.4984
1 7.90936 -4.69357 77.3896
1 4.98898 -5.92502 76.9874
2 6.92175 -5.46973 74.935
3 7.06234 -5.06272 73.447
3 6.38385 -4.41039 76.017
3 6.38027 -6.9185 75.2724
3 8.41741 -5.71287 75.5739
1 10.2051 -8.26355 84.0021
2 11.9975 -7.51064 81.3112
3 12.1019 -7.93687 82.8151
3 11.4245 -8.44852 80.2811
3 11.289 -6.0474 80.9548
3 13.4722 -7.11738 80.6939
1 5.60883 -9.87419 78.5603
2 3.709 -10.5992 81.1873
3 3.65661 -10.1592 79.6796
3 4.27378 -9.52404 82.203
3 4.37717 -11.9886 81.488
3 2.29965 -10.9023 81.9139
1 7.71005 -9.07087 81.12
1 10.7921 -10.482 80.8617
2 8.99979 -11.1035 82.9284
3 8.75284 -11.5772 84.4448
3 9.64543 -12.1767 81.983
3 9.70923 -9.72983 82.6335
3 7.53641 -10.9595 82.1945
1 7.6334 -6.25038 82.0464
1 4.86242 -7.59746 81.6359
2 6.82077 -6.948 79.5709
3 6.97538 -6.44277 78.1068
3 6.21443 -5.9989 80.576
3 6.06964 -8.41703 79.8494
3 8.2635 -7.29458 80.0735
1 10.2313 -9.61168 88.7036
2 11.9503 -8.85512 86.1088
3 12.1609 -9.30833 87.5901
3 11.3099 -9.9413 84.979
3 11.3188 -7.42735 85.6208
3 13.4771 -8.67325 85.491
1 5.59734 -11.4395 83.0926
2 3.76121 -11.9636 85.95
3 3.62023 -11.5154 84.4691
3 4.40196 -10.908 87.0203
3 4.58016 -13.28 86.1943
3 2.29234 -12.3214 86.5997
1 7.87821 -10.404 85.8495
1 10.6122 -11.8825 85.5012
2 8.89165 -12.3829 87.5722
3 8.77274 -12.9335 89.0873
3 9.47632 -13.4889 86.5555
3 9.60063 -11.0033 87.2661
3 7.36914 -12.182 86.9313
1 7.84816 -7.62672 86.5945
1 4.97895 -9.05273 86.3885
2 6.83826 -8.49101 84.2731
3 6.89459 -8.0912 82.7009
3 6.15013 -7.46645 85.3387
3 6.09502 -9.86389 84.5972
3 8.30695 -8.73126 84.863
1 10.5915 -11.7866 93.2072
2 12.0227 -10.3499 90.776
3 12.2117 -10.8372 92.2952
3 11.4572 -11.5449 89.8773
3 11.2421 -9.08184 90.5746
3 13.4652 -10.168 89.9482
1 5.72496 -12.5704 88.0248
2 3.52448 -13.5229 90.818
3 3.65222 -13.0476 89.2574
3 4.37289 -12.6287 91.7965
3 4.32311 -14.9874 90.8799
3 2.09303 -13.7128 91.2833
1 8.16335 -11.8133 90.6384
1 10.6647 -13.5083 90.0958
2 8.76071 -14.058 92.2481
3 6.22646 -21.7715 94.5955
3 9.45443 -15.1331 91.3502
3 9.56345 -12.7036 91.8851
3 7.25142 -13.695 91.5584
1 9.37768 -8.6731 91.5076
1 4.84544 -10.9715 90.8413
2 7.03129 -9.68064 88.9874
3 7.18548 -9.36436 87.4511
3 6.12698 -8.60946 89.838
3 6.37608 -11.1426 89.4586
3 8.58387 -9.99967 89.8485
1 5.55774 -14.3591 92.6565
2 7.73493 -13.8213 95.036
3 6.1967 -13.8562 94.7032
3 9.26602 -16.332 97.9852
3 8.56101 -14.2661 93.7219
3 10.0624 -19.134 94.0257
1 14.7155 3.40648 1.3841
1 12.5256 1.87738 5.7698
1 12.6844 0.542273 10.502
1 12.7016 -1.18117 15.2292
1 12.8061 -2.38985 19.6621
1 12.9059 -3.70705 24.3329
1 12.8078 -5.33857 29.1172
1 13.2523 -6.66106 33.7356
1 12.8865 -8.31391 38.2648
1 13.0834 -9.56866 43.0822
1 13.0468 -10.9434 47.6746
1 13.0313 -12.4953 52.3872
1 13.1619 -13.8797 57.2207
1 12.9156 -15.5666 61.9114
1 13.0376 -16.9613 66.459
1 12.9842 -18.2721 71.1155
1 13.2552 -19.8377 75.7488
1 13.0426 -21.2539 80.4793
1 13.1388 -22.6756 85.2225
1 13.8596 -21.9909 90.2246
1 9.82027 6.81293 -0.678433
1 12.4293 8.73569 2.31529
1 12.6764 4.85966 6.58703
1 12.7556 7.59254 7.40308
1 12.8729 3.48237 11.1525
1 12.8218 6.01195 12.0308
1 12.4521 1.93779 15.8922
1 12.8384 4.68468 16.7322
1 12.569 0.385574 20.5673
1 12.8662 3.27372 21.4319
1 12.7092 -0.966306 25.2244
1 12.9745 1.90799 26.1476
1 12.9966 -2.5238 29.8523
1 13.0117 0.56329 30.6377
1 12.7791 -3.89334 34.498
1 13.2181 -0.950311 35.2588
1 13.0011 -5.31884 39.1764
1 12.9641 -2.4356 39.9265
1 12.9673 -6.77668 43.9952
1 12.9935 -3.80881 44.6594
1 13.0212 -8.2277 48.5463
1 12.9059 -5.3963 49.3575
1 12.9731 -9.67429 53.2584
1 13.158 -6.68042 53.9692
1 12.8981 -10.97 57.9234
1 13.1673 -8.19655 58.7425
1 13.2131 -12.719 62.6392
1 12.9315 -9.64191 63.306
1 13.2035 -13.9998 67.2015
1 12.7929 -11.1829 68.0915
1 13.0026 -15.4179 71.8535
1 13.0602 -12.4565 72.7
1 13.1649 -16.8616 76.4618
1 13.11 -14.2328 77.4858
1 12.9763 -18.2397 81.3324
1 13.044 -15.5643 82.1212
1 12.9567 -19.8626 85.8164
1 12.8842 -17.1503 86.6911
1 12.7142 -22.1695 92.9494
1 13.3188 -16.5801 91.8834
1 12.6363 11.9394 3.42419
1 12.6833 14.8484 4.11255
1 12.7006 10.5373 7.97288
1 12.772 13.4508 8.76296
1 12.7103 9.06358 12.7537
1 12.8024 12.0394 13.6121
1 12.7274 7.61094 17.4375
1 12.5754 10.5069 18.2009
1 12.826 6.19318 22.1091
1 12.8284 9.10504 22.9546
1 12.9836 4.80669 26.6825
1 12.9078 7.5821 27.6438
1 12.8268 3.39875 31.4226
1 12.9296 6.24174 32.1639
1 12.9268 1.94903 36.1387
1 13.0347 4.83899 36.8479
1 12.8354 0.335052 40.7318
1 13.0192 3.29836 41.592
1 12.9856 -0.931112 45.5624
1 12.9944 1.8673 46.2632
1 13.0834 -2.47568 50.0634
1 13.0498 0.417121 51.0748
1 13.1704 -3.98046 54.7462
1 13.2856 -0.965554 55.5532
1 13.0498 -5.28191 59.4717
1 13.0909 -2.47207 60.213
1 13.2253 -6.82671 64.0712
1 12.926 -3.97035 64.894
1 13.1001 -8.28796 68.7238
1 13.0055 -5.42774 69.5455
1 13.1422 -9.77814 73.4516
1 12.9848 -6.75151 74.3233
1 13.2283 -11.3962 78.1322
1 13.1096 -8.30367 78.9612
1 12.9115 -12.6462 82.913
1 13.1157 -9.73911 83.6839
1 13.1965 -14.1846 87.5976
1 12.8783 -11.1922 88.3682
1 12.2198 -19.4579 91.63
1 14.9003 -16.7429 94.468
1 12.6253 17.8254 4.91891
1 12.5806 16.3634 9.65555
1 12.7172 14.8967 14.2798
1 12.7527 13.3828 18.9126
1 12.7407 12.1798 23.6932
1 12.7883 10.4948 28.3477
1 12.8726 9.17951 33.0031
1 13.1616 7.49134 37.5031
1 13.0981 6.18578 42.3839
1 12.93 4.88024 46.9246
1 12.8726 3.2771 51.7488
1 13.1807 1.94878 56.4096
1 12.8873 0.446022 60.9918
1 12.9012 -1.00797 65.7562
1 13.24 -2.47718 70.367
1 13.156 -3.95495 74.9982
1 12.9417 -5.38875 79.7784
1 13.0309 -6.95471 84.368
1 13.1428 -8.32348 89.0506
1 13.9859 18.837 0.369542
1 8.69336 -21.7041 187.332
2 9.1232 -26.0179 188.623
3 7.90227 -25.7667 187.562
3 8.9468 -27.1595 189.679
3 9.90105 -24.7268 189.036
3 4.89795 -27.0108 187.7
1 8.67303 -23.1456 183.172
2 10.6788 -22.3402 185.556
3 10.6882 -22.7901 184.018
3 9.83047 -23.3592 186.522
3 9.95727 -20.9375 185.795
3 12.1072 -22.4277 186.241
1 4.2555 -25.2431 187.975
2 2.30566 -25.5257 185.649
3 2.39435 -25.1272 187.16
3 2.88098 -26.9921 185.333
3 3.02923 -24.5092 184.619
3 0.807946 -25.5945 184.971
1 6.39725 -24.0026 185.563
1 9.28626 -25.3071 185.926
2 7.39419 -26.0109 183.99
3 7.31657 -26.312 182.459
3 8.13256 -27.0363 184.965
3 8.07043 -24.5647 184.36
3 5.9283 -25.7824 184.65
1 6.34948 -21.0937 184.875
1 3.58053 -22.5617 185.169
2 5.48601 -22.1815 187.36
3 5.47898 -21.8091 188.801
3 4.95088 -23.6711 186.996
3 4.72426 -21.149 186.322
3 6.96192 -22.2416 186.573
1 8.44911 -24.2646 178.258
2 10.3515 -23.6049 180.938
3 10.5229 -23.9374 179.449
3 9.77363 -24.6902 181.909
3 9.81567 -22.1737 181.306
3 12.0004 -23.4642 181.584
1 4.0777 -26.1915 183.463
2 2.25458 -26.651 181.034
3 2.17318 -26.335 182.54
3 2.95721 -27.9246 180.567
3 2.80491 -25.5483 180.065
3 0.689898 -26.8138 180.344
1 6.14917 -25.0169 180.929
1 9.18637 -26.6545 181.37
2 7.29773 -27.0187 179.283
3 7.11103 -27.2891 177.785
3 7.97718 -25.6341 179.667
3 7.91029 -28.1376 180.172
3 5.7748 -26.8034 180.007
1 6.28437 -22.0468 180.303
1 3.34146 -23.5857 180.387
2 5.26395 -23.1729 182.511
3 5.4932 -22.8343 184.05
3 4.67718 -24.5583 182.145
3 4.67961 -22.0472 181.521
3 6.89617 -23.2794 181.791
1 8.55931 -25.3524 173.437
2 10.472 -24.6683 176.062
3 10.6002 -24.9441 174.542
3 9.76349 -25.6963 177.016
3 9.7626 -23.3014 176.42
3 11.8834 -24.4939 176.754
1 4.03862 -27.1167 178.984
2 2.15484 -27.6347 176.239
3 2.08821 -27.229 177.761
3 2.73628 -29.0724 175.896
3 2.86377 -26.5631 175.159
3 0.670158 -27.8289 175.539
1 6.02565 -26.3421 176.3
1 9.18438 -27.5211 176.582
2 7.25184 -28.2455 174.535
3 7.24218 -28.6386 173.08
3 7.9206 -29.3091 175.667
3 7.92711 -26.8461 174.877
3 5.76973 -27.9608 175.321
1 6.31539 -23.2861 175.368
1 3.49407 -24.595 175.68
2 5.32913 -24.2186 177.844
3 5.2857 -23.7722 179.399
3 4.7063 -25.7166 177.549
3 4.53111 -23.2126 176.908
3 6.7592 -24.378 177.183
1 8.6314 -26.3852 168.707
2 10.3918 -25.792 171.41
3 10.5366 -26.2273 169.887
3 9.6208 -26.8067 172.321
3 9.87996 -24.371 171.712
3 11.9129 -25.901 171.987
1 3.99994 -28.259 174.089
2 2.19258 -28.9097 171.619
3 2.20892 -28.4809 173.092
3 2.87136 -30.351 171.198
3 2.95642 -27.9316 170.478
3 0.684519 -29.0595 170.949
1 6.44301 -27.3337 171.363
1 9.08675 -28.8427 172.039
2 7.42755 -29.3607 169.848
3 7.27493 -29.7819 168.313
3 7.99992 -30.3441 170.882
3 8.03414 -27.8822 170.116
3 5.94169 -29.0854 170.433
1 6.22819 -24.4991 170.606
1 3.3703 -26.0076 170.925
2 5.34605 -25.4905 173.186
3 5.36709 -25.0637 174.68
3 4.84538 -26.9188 172.812
3 4.63534 -24.5607 172.08
3 6.8145 -25.6325 172.435
1 8.44118 -27.3778 164.033
2 10.4802 -26.793 166.646
3 10.4233 -27.0513 165.174
3 9.75576 -27.937 167.605
3 9.86802 -25.4214 167.038
3 11.9639 -26.6862 167.38
1 3.95427 -29.2337 169.4
2 2.05303 -29.8792 166.754
3 2.07448 -29.6052 168.309
3 2.75552 -31.2913 166.534
3 2.70446 -28.7928 165.767
3 0.571912 -30.0974 166.078
1 6.28842 -28.2772 166.543
1 9.07556 -29.8474 167.117
2 7.30473 -30.2733 165.131
3 7.142 -30.5889 163.646
3 7.98907 -31.4134 165.95
3 7.85863 -28.8422 165.458
3 5.76135 -30.1466 165.924
1 6.20131 -25.2536 166.116
1 3.49002 -26.8667 166.322
2 5.35253 -26.4493 168.429
3 5.40196 -26.083 169.865
3 4.66462 -27.8321 168.089
3 4.54714 -25.4081 167.401
3 6.78957 -26.5381 167.588
1 8.40151 -28.4248 159.393
2 10.3441 -27.8328 162.025
3 10.2479 -28.2207 160.527
3 9.75305 -26.4036 162.322
3 9.60334 -28.9283 162.966
3 11.7474 -27.7304 162.715
1 4.09392 -30.1805 164.726
2 2.05943 -31.0503 162.186
3 1.9158 -30.6319 163.698
3 2.62362 -32.4331 161.78
3 2.70976 -29.9957 161.178
3 0.54592 -31.2122 161.486
1 6.37563 -29.2375 162.031
1 9.03187 -30.9071 162.539
2 7.13799 -31.3393 160.464
3 7.22489 -31.8096 158.935
3 7.89521 -32.347 161.418
3 7.77556 -29.8751 160.718
3 5.56798 -31.172 160.986
1 6.17981 -26.3622 161.126
1 3.40108 -28.0021 161.511
2 5.22579 -27.4453 163.652
3 5.27834 -27.2293 165.15
3 4.62147 -28.8305 163.258
3 4.36085 -26.4107 162.666
3 6.68028 -27.4315 162.895
1 8.3689 -29.6416 154.663
2 10.2142 -29.042 157.32
3 10.3704 -29.5639 155.835
3 9.55541 -30.0515 158.395
3 9.48239 -27.6856 157.574
3 11.7369 -28.8826 158.046
1 3.76294 -31.3844 159.909
2 2.01077 -32.0906 157.418
3 1.89123 -31.759 158.911
3 2.60611 -31.0474 156.367
3 2.64178 -33.5218 157.098
3 0.516164 -32.3045 156.833
1 6.24692 -30.4476 157.315
1 8.9818 -31.9669 157.957
2 7.08369 -32.4809 155.739
3 6.96933 -32.7535 154.254
3 7.78438 -33.5617 156.743
3 7.72514 -31.0512 156.106
3 5.58626 -32.3237 156.449
1 5.98773 -27.6048 156.332
1 3.11924 -29.1129 156.844
2 5.2046 -28.577 158.838
3 5.27012 -28.1682 160.345
3 4.58115 -30.006 158.719
3 4.44139 -27.5946 157.876
3 6.67404 -28.6357 158.201
1 8.28845 -30.7754 150.044
2 10.0656 -30.2544 152.552
3 10.2155 -30.6149 151.071
3 9.34315 -31.3455 153.555
3 9.46879 -28.8655 152.921
3 11.5834 -30.1229 153.227
1 3.69837 -32.3735 155.331
2 1.93043 -33.3585 152.675
3 1.89677 -33.0178 154.268
3 2.61854 -32.267 151.728
3 2.63766 -34.7822 152.336
3 0.396945 -33.4047 152.127
1 6.18267 -31.5706 152.648
1 8.84394 -33.2377 153.113
2 7.04945 -33.6296 151.046
3 7.01334 -34.1077 149.57
3 7.74003 -32.2292 151.346
3 7.68998 -34.7375 152.055
3 5.59635 -33.5042 151.715
1 6.13303 -28.6961 151.848
1 3.11756 -30.2792 152.084
2 5.06541 -29.6814 154.226
3 5.17056 -29.2914 155.7
3 4.50795 -31.1472 153.982
3 4.21691 -28.6613 153.233
3 6.48993 -29.7752 153.561
1 8.27672 -32.0359 145.303
2 10.1707 -31.2401 147.802
3 10.3901 -31.5975 146.325
3 9.55045 -32.2579 148.931
3 9.41708 -29.8621 148.137
3 11.6782 -30.9594 148.485
1 3.74005 -33.5767 150.528
2 1.96783 -34.1327 148.016
3 1.84494 -33.7986 149.469
3 2.60897 -35.5786 147.666
3 2.70905 -33.1776 147.024
3 0.452582 -34.3738 147.261
1 6.04139 -32.8982 147.916
1 8.88158 -34.2588 148.385
2 7.08185 -34.9724 146.336
3 7.06888 -35.2316 144.794
3 7.86143 -33.5237 146.57
3 7.79017 -35.9465 147.296
3 5.6332 -34.7524 146.97
1 5.94724 -29.8338 147.126
1 3.2698 -31.1884 147.329
2 5.07577 -30.836 149.589
3 5.1885 -30.3768 151.127
3 4.39195 -32.1776 149.281
3 4.28003 -29.7749 148.546
3 6.51087 -31.0121 148.78
1 8.51265 -33.0626 140.492
2 10.2789 -32.4438 143.107
3 10.4314 -32.7901 141.57
3 9.57064 -33.4551 144.074
3 9.5469 -30.9839 143.523
3 11.7723 -32.2297 143.813
1 3.77207 -35.0126 145.857
2 1.93639 -35.5024 143.143
3 1.89109 -35.0841 144.672
3 2.6074 -34.3148 142.246
3 2.65145 -36.7747 142.676
3 0.410854 -35.6981 142.556
1 6.05087 -33.9945 143.294
1 8.89575 -35.3132 143.693
2 7.09979 -35.8969 141.508
3 7.10417 -36.1964 139.962
3 7.76598 -34.5253 141.921
3 7.78343 -37.1128 142.478
3 5.61492 -35.8123 142.229
1 6.05562 -31.0429 142.459
1 3.14815 -32.3846 142.678
2 5.13625 -32.1856 144.867
3 5.20454 -31.7439 146.384
3 4.59851 -33.6585 144.557
3 4.32501 -31.1826 143.879
3 6.55564 -32.1041 144.252
1 8.40346 -34.2167 135.863
2 10.2973 -33.4971 138.433
3 10.4114 -34.0644 136.959
3 9.63526 -34.5506 139.439
3 9.6698 -32.0826 138.739
3 11.7841 -33.3683 139.168
1 3.81978 -35.9423 141.096
2 2.01456 -36.5979 138.532
3 1.79928 -36.1946 140.019
3 2.74816 -38.0355 138.265
3 2.78192 -35.5311 137.697
3 0.572871 -36.8027 137.724
1 6.11798 -35.0945 138.42
1 9.07382 -36.4666 138.932
2 7.27508 -37.026 136.816
3 7.15739 -37.4364 135.26
3 7.7619 -35.5853 137.235
3 7.96677 -38.0489 137.765
3 5.74153 -37.0412 137.465
1 6.07634 -32.1933 137.85
1 3.36436 -33.6527 138.019
2 5.20191 -33.0355 140.156
3 5.19546 -32.6398 141.718
3 4.49106 -34.4769 139.819
3 4.57522 -32.0172 139.139
3 6.65035 -33.236 139.464
1 8.34328 -35.3281 131.17
2 10.2316 -34.7752 133.727
3 10.3325 -35.1325 132.123
3 9.45369 -35.7981 134.608
3 9.58197 -33.3281 133.972
3 11.604 -34.6837 134.446
1 3.97428 -37.1073 136.549
2 2.07157 -37.8137 133.895
3 1.86747 -37.5049 135.417
3 2.59857 -39.3181 133.547
3 2.76843 -36.7957 132.98
3 0.620161 -37.8705 133.117
1 6.2192 -36.1633 133.852
1 9.0173 -37.7841 134.083
2 7.12431 -38.0783 132.078
3 7.07795 -38.594 130.667
3 7.81604 -36.7632 132.399
3 7.78216 -39.2807 133.104
3 5.66069 -37.9994 132.846
1 5.99901 -33.1881 132.957
1 3.18131 -34.8405 133.297
2 5.14082 -34.1615 135.429
3 5.19435 -33.8617 136.997
3 4.48598 -35.6097 135.138
3 4.38625 -33.1373 134.452
3 6.5846 -34.3151 134.842
1 8.5171 -36.3684 126.575
2 10.1982 -35.8714 129.045
3 10.343 -36.3001 127.528
3 9.55934 -36.9512 130.006
3 9.50443 -34.3922 129.344
3 11.6696 -35.6014 129.701
1 3.90361 -38.2353 131.771
2 2.05419 -39.0158 129.193
3 2.0306 -38.595 130.731
3 2.65308 -37.8246 128.241
3 2.68916 -40.3362 128.886
3 0.562212 -39.1523 128.541
1 6.33362 -37.4768 129.08
1 8.94741 -38.7893 129.509
2 7.11673 -39.4547 127.46
3 7.06421 -39.7738 125.983
3 7.77436 -38.0128 127.826
3 7.84905 -40.4573 128.45
3 5.64002 -39.1624 128.241
1 6.15439 -34.4623 128.421
1 3.28372 -35.7911 128.664
2 5.06385 -35.4568 130.73
3 5.04842 -35.158 132.234
3 4.50143 -34.241 129.749
3 4.4705 -36.82 130.301
3 6.61054 -35.5968 130.091
1 8.42111 -37.7232 121.748
2 10.2988 -37.0115 124.24
3 10.3954 -37.3744 122.717
3 9.61388 -37.9624 125.26
3 9.72498 -35.5221 124.623
3 11.8143 -36.8556 124.904
1 3.66862 -39.229 127.088
2 1.91219 -40.0268 124.577
3 1.91045 -39.649 126.094
3 2.73943 -39.0156 123.541
3 2.63427 -41.388 124.21
3 0.490844 -40.0534 123.781
1 6.32069 -38.5495 124.442
1 8.91424 -39.966 124.827
2 7.11878 -40.4799 122.761
3 7.05182 -40.8216 121.238
3 7.80721 -39.0702 123.065
3 7.80985 -41.5645 123.721
3 5.67804 -40.3557 123.526
1 6.21999 -35.6955 123.857
1 3.41916 -37.0026 123.959
2 5.15996 -36.678 126.171
3 5.20913 -36.2103 127.7
3 4.42574 -37.9505 125.845
3 4.51457 -35.5787 125.244
3 6.68892 -36.8434 125.507
1 8.34117 -38.7562 117.04
2 10.2925 -38.1085 119.708
3 10.3442 -38.4434 118.146
3 9.61249 -39.2221 120.629
3 9.66182 -36.6185 119.98
3 11.7972 -38.0255 120.343
1 3.81907 -40.6713 122.529
2 1.94517 -41.1836 119.657
3 1.90279 -40.85 121.269
3 2.62085 -40.0665 118.751
3 2.68252 -42.6403 119.415
3 0.488063 -41.2529 119.035
1 6.10951 -39.6784 119.84
1 9.1432 -41.0654 120.173
2 7.03162 -41.4714 118.075
3 6.93092 -42.0073 116.604
3 7.74207 -42.5879 119.067
3 7.69461 -40.0572 118.344
3 5.59198 -41.3229 118.764
1 6.08718 -36.8401 118.959
1 3.30132 -38.1763 119.385
2 5.07745 -37.7681 121.428
3 5.26613 -37.3517 123.045
3 4.36595 -36.7574 120.511
3 4.443 -39.2123 121.069
3 6.55425 -37.9801 120.788
1 8.27626 -39.9155 112.319
2 10.1959 -39.1875 114.88
3 10.1587 -39.6364 113.429
3 9.53786 -40.2983 115.881
3 9.5999 -37.8221 115.261
3 11.7358 -39.0726 115.577
1 3.78842 -41.6025 117.6
2 1.86072 -42.2794 115.105
3 1.88639 -41.8581 116.487
3 2.51786 -41.2218 114.097
3 2.55848 -43.6708 114.67
3 0.360894 -42.4653 114.444
1 5.8806 -40.8415 114.963
1 8.89858 -42.2479 115.231
2 7.02214 -42.8554 113.372
3 6.97518 -43.1608 111.85
3 7.69631 -43.8916 114.383
3 7.67092 -41.4051 113.572
3 5.57999 -42.6236 114.03
1 6.15999 -37.7936 114.379
1 3.24605 -39.359 114.477
2 5.11256 -38.8447 116.688
3 5.25726 -38.4383 118.244
3 4.4241 -37.8184 115.699
3 4.38498 -40.2777 116.293
3 6.59613 -39.0453 115.959
1 8.29438 -40.9213 107.693
2 10.1222 -40.3842 110.247
3 10.2497 -40.8308 108.777
3 9.52303 -41.4904 111.148
3 9.48577 -38.9937 110.704
3 11.6657 -40.2536 110.917
1 3.70962 -42.8639 113.092
2 1.91174 -43.4762 110.468
3 1.81152 -43.1409 111.977
3 2.55763 -42.3598 109.402
3 2.68399 -44.8654 110.049
3 0.488816 -43.6757 109.79
1 6.05788 -41.8451 110.275
1 8.92962 -43.4148 110.881
2 7.02449 -43.7891 108.652
3 7.00381 -44.1475 107.137
3 7.72635 -44.9413 109.547
3 7.77087 -42.3317 109.027
3 5.62164 -43.605 109.448
1 6.16178 -39.0259 109.503
1 3.16694 -40.6546 110.003
2 4.98357 -39.9317 111.981
3 5.18993 -39.6404 113.5
3 4.25 -38.8589 111.042
3 4.20685 -41.3562 111.633
3 6.46478 -40.1211 111.243
1 8.7221 -42.6797 102.177
2 10.1587 -41.4633 105.51
3 10.2566 -41.9795 103.921
3 9.27741 -42.4217 106.401
3 9.43078 -40.0412 105.521
3 11.5581 -41.291 106.242
1 3.94557 -43.798 108.261
2 1.89287 -44.4825 105.669
3 1.87207 -44.0083 107.173
3 2.52406 -43.4449 104.641
3 2.63741 -45.9362 105.412
3 0.447935 -44.676 105.012
1 6.22749 -42.9275 105.721
1 8.80206 -44.5044 105.986
2 6.88136 -44.497 103.745
3 6.65753 -44.5683 102.207
3 7.71025 -45.6059 104.662
3 7.40558 -42.9407 104.03
3 5.53591 -44.4149 104.489
1 7.45912 -40.0967 104.775
1 3.09917 -41.2933 104.984
2 5.13589 -40.8043 107.083
3 5.15208 -40.7056 108.713
3 4.08099 -39.8608 106.313
3 4.55678 -42.4332 106.835
3 6.53898 -41.0458 106.356
1 7.94517 -39.8792 101.146
2 10.7694 -39.0359 100.125
3 11.1159 -39.7306 98.765
3 9.99677 -40.0652 101.102
3 10.0052 -37.6524 99.8387
3 12.0423 -38.5229 100.855
1 3.89983 -43.861 103.291
2 2.63392 -43.1512 100.605
3 1.67778 -42.6397 101.842
3 3.10758 -41.7796 99.8157
3 3.77721 -44.0723 101.202
3 1.63788 -43.8223 99.6411
1 4.52811 -40.1579 99.2851
1 9.00932 -41.3048 98.3962
2 7.5441 -38.6456 98.0692
3 6.39299 -38.9549 96.9725
3 8.83078 -38.8102 97.2019
3 7.30688 -37.0938 98.2929
3 7.63641 -39.6715 99.2609
1 10.2404 -33.2598 101.953
1 3.69308 -38.156 101.036
2 5.35732 -40.7283 102.444
3 5.65352 -40.1198 103.873
3 4.78583 -39.7568 101.342
3 4.5146 -42.0308 102.655
3 6.76645 -41.3558 101.729
2 13.6644 -25.2322 94.1976
3 9.5015 -26.1525 93.1603
3 12.9014 -25.5862 95.5622
3 12.8832 -25.5281 92.8604
3 11.3217 -23.3527 93.9458
1 2.0976 -41.0579 98.2823
2 4.60288 -34.236 97.3093
3 3.4941 -33.1572 96.7132
3 6.81409 -26.8834 92.6586
3 5.70198 -33.233 97.955
3 3.91348 -35.2952 98.2552
1 4.19497 -31.594 98.1158
1 11.7982 -32.6062 96.2565
1 8.03877 -23.5757 95.0447
1 3.53331 -37.307 97.6528
2 9.94525 -31.5849 98.8116
3 10.3877 -31.8128 100.393
3 10.1552 -30.0893 98.2838
3 8.45105 -32.1135 98.5178
3 11.196 -32.4604 98.1595
1 8.47355 -15.8821 186.089
2 12.2119 -16.0263 188.224
3 11.0497 -16.7767 187.406
3 11.8999 -15.2109 189.481
3 10.0006 -12.2429 189.438
3 13.3668 -17.1798 188.27
2 7.27828 -18.8449 187.204
3 7.09768 -19.2939 185.623
3 8.38174 -19.8082 187.831
3 8.02817 -17.4227 187.263
3 5.81273 -18.7017 187.804
1 4.31742 -13.8098 187.603
1 1.29204 -13.3285 189.802
1 8.52427 -17.1763 181.407
2 10.4947 -16.6612 184.052
3 10.6066 -16.9852 182.54
3 9.8424 -15.2289 184.484
3 9.80671 -17.77 184.982
3 12.0245 -16.4349 184.569
1 4.15927 -19.3055 186.736
2 2.27572 -19.7 184.133
3 2.36695 -19.2233 185.628
3 2.88809 -21.0789 183.864
3 2.8998 -18.6231 183.104
3 0.745902 -19.8437 183.371
1 6.40724 -18.1166 184.069
1 9.24666 -19.6594 184.378
2 7.43112 -20.0472 182.332
3 7.2369 -20.3657 180.795
3 8.04411 -21.1202 183.398
3 7.96261 -18.6271 182.861
3 5.85357 -19.8549 183.054
1 6.36929 -15.1144 183.253
1 3.4112 -16.8104 183.417
2 5.30474 -16.024 185.734
3 5.3133 -15.6293 187.263
3 4.58779 -15.0382 184.671
3 4.49977 -17.4291 185.545
3 6.73564 -16.2774 185.016
1 8.67093 -18.3781 176.791
2 10.4728 -17.71 179.26
3 10.5279 -18.0996 177.759
3 9.85799 -18.7643 180.258
3 9.69894 -16.3237 179.469
3 11.9501 -17.485 179.885
1 4.02162 -20.0176 181.9
2 2.10143 -20.7672 179.401
3 2.12347 -20.4695 180.954
3 2.77824 -19.6838 178.428
3 2.70145 -22.1368 179.071
3 0.60435 -20.9617 178.721
1 6.28775 -19.2499 179.357
1 9.13628 -20.7905 179.774
2 7.32507 -21.1831 177.681
3 7.14491 -21.5983 176.168
3 7.94499 -22.334 178.596
3 8.0242 -19.8252 178.069
3 5.80563 -21.0341 178.379
1 6.32209 -16.4692 178.484
1 3.46406 -17.8331 178.736
2 5.19476 -17.1504 180.915
3 5.34239 -16.9222 182.423
3 4.56678 -16.0934 179.834
3 4.63096 -18.6344 180.492
3 6.68937 -17.4421 180.363
1 8.59605 -19.3716 171.975
2 10.5211 -18.9446 174.555
3 10.6751 -19.1247 173.029
3 9.92273 -20.1048 175.568
3 9.76182 -17.6327 175.024
3 11.9459 -18.7465 175.249
1 3.95891 -21.131 177.315
2 2.21851 -21.8467 174.582
3 2.06674 -21.5839 176.11
3 2.84001 -20.7234 173.564
3 2.91745 -23.2915 174.219
3 0.745372 -22.0171 173.873
1 6.19665 -20.5222 174.533
1 9.12041 -22.0649 175.11
2 7.35169 -22.3556 172.944
3 7.17983 -22.7576 171.461
3 7.87885 -20.9813 173.288
3 8.01778 -23.3606 173.962
3 5.80287 -22.3073 173.595
1 6.26415 -17.3941 173.829
1 3.45846 -18.8312 174.137
2 5.36551 -18.408 176.172
3 5.46818 -18.1379 177.753
3 4.56154 -19.8291 175.874
3 4.68903 -17.2551 175.355
3 6.83323 -18.5925 175.478
1 8.52097 -20.3957 167.254
2 10.3523 -19.8412 169.783
3 10.4787 -20.1534 168.266
3 9.60253 -21.005 170.618
3 9.74169 -18.431 170.154
3 11.8414 -19.7853 170.488
1 4.01412 -22.5267 172.505
2 2.16213 -22.9116 169.913
3 2.03448 -22.5185 171.439
3 2.71034 -21.8951 168.846
3 2.76205 -24.4172 169.781
3 0.587563 -23.0917 169.273
1 6.14968 -21.5354 170.065
1 9.16116 -22.9122 170.24
2 7.30603 -23.2817 168.274
3 7.28627 -23.6777 166.775
3 7.96602 -24.4316 169.274
3 7.84792 -21.8631 168.505
3 5.70897 -23.2513 168.93
1 6.4164 -18.6714 169.074
1 3.4543 -19.9809 169.393
2 5.22906 -19.5029 171.591
3 5.39937 -19.1047 173.087
3 4.66317 -21.0104 171.235
3 4.48282 -18.4567 170.628
3 6.65654 -19.6671 170.937
1 8.33927 -21.5028 162.587
2 10.3208 -20.9523 165.181
3 10.2756 -21.2228 163.568
3 9.77998 -19.5364 165.592
3 9.61258 -22.0388 166.105
3 11.8021 -20.8887 165.706
1 3.99211 -23.3641 167.761
2 2.08558 -24.0788 165.324
3 2.0981 -23.7543 166.889
3 2.69996 -25.429 164.81
3 2.88983 -23.003 164.392
3 0.646036 -24.0481 164.673
1 6.22351 -22.3076 165.128
1 9.12173 -24.1367 165.463
2 7.07448 -24.4256 163.471
3 6.94346 -24.8388 162.013
3 7.97402 -25.4521 164.483
3 7.77789 -22.986 163.879
3 5.69406 -24.3362 164.227
1 6.23572 -19.4742 164.317
1 3.37175 -20.9432 164.753
2 5.32597 -20.4557 166.8
3 5.21805 -20.2043 168.351
3 4.73983 -21.9314 166.47
3 4.54347 -19.4914 165.768
3 6.78788 -20.452 166.238
1 8.38111 -22.4754 157.761
2 10.1812 -22.1081 160.382
3 10.2896 -22.4647 158.891
3 9.58703 -23.1942 161.384
3 9.46944 -20.6701 160.64
3 11.6681 -21.9489 161.103
1 3.78563 -24.521 163.149
2 2.02218 -25.0848 160.591
3 1.95955 -24.7356 162.073
3 2.6065 -24.0578 159.475
3 2.65265 -26.5192 160.221
3 0.54469 -25.3027 159.887
1 6.11467 -23.4941 160.315
1 9.05023 -25.0805 160.955
2 7.09627 -25.4262 158.779
3 6.86881 -25.9136 157.331
3 7.89185 -26.4 159.894
3 7.58232 -23.9516 159.03
3 5.56984 -25.2608 159.533
1 6.1032 -20.6086 159.741
1 3.26266 -22.0698 159.997
2 5.17422 -21.5686 162.012
3 5.35349 -21.2981 163.51
3 4.57368 -23.0049 161.669
3 4.49295 -20.5008 161.164
3 6.64486 -21.7629 161.385
1 8.2102 -23.7277 153.032
2 10.2795 -23.1744 155.785
3 10.2296 -23.5057 154.219
3 9.65676 -24.2938 156.757
3 9.499 -21.7523 156.12
3 11.7018 -22.9645 156.339
1 3.70057 -25.597 158.425
2 1.94284 -26.2599 155.755
3 1.83625 -25.8744 157.316
3 2.57773 -27.6655 155.461
3 2.6777 -25.1627 154.769
3 0.507442 -26.3972 155.117
1 5.82981 -24.6742 155.761
1 8.83623 -26.0132 156.409
2 7.11842 -26.5902 154.161
3 7.08556 -27.0704 152.663
3 7.74614 -27.6936 155.226
3 7.7878 -25.206 154.433
3 5.57258 -26.4428 154.728
1 5.9713 -21.6919 155.041
1 3.16826 -23.1349 155.301
2 5.0975 -22.7314 157.394
3 5.1864 -22.3225 158.973
3 4.28654 -24.0633 157.022
3 4.45373 -21.5904 156.483
3 6.50365 -22.9714 156.617
1 8.37772 -24.8913 148.419
2 10.1022 -24.1981 151.044
3 10.2472 -24.5481 149.496
3 9.39817 -25.2597 151.998
3 9.38672 -22.7066 151.357
3 11.5301 -23.9806 151.695
1 3.76246 -26.656 153.833
2 1.89425 -27.2569 151.101
3 1.76959 -26.831 152.603
3 2.64171 -26.2842 150.133
3 2.50971 -28.7251 150.82
3 0.377081 -27.5429 150.451
1 5.87527 -25.8731 150.913
1 8.88501 -27.2768 151.678
2 7.02866 -27.8201 149.452
3 6.91582 -28.0725 147.937
3 7.72168 -28.8043 150.487
3 7.66583 -26.4049 149.735
3 5.60438 -27.6907 150.073
1 6.11842 -22.9019 150.233
1 3.15999 -24.0745 150.777
2 5.07608 -23.8567 152.742
3 5.10646 -23.4701 154.281
3 4.41631 -25.2228 152.401
3 4.37588 -22.7605 151.776
3 6.5153 -23.9485 152.036
1 8.37702 -25.973 143.81
2 10.2022 -25.262 146.294
3 10.2637 -25.6716 144.758
3 9.5622 -26.388 147.297
3 9.52307 -23.8535 146.485
3 11.7297 -25.1482 146.956
1 3.77382 -27.7424 149.063
2 1.86307 -28.492 146.438
3 1.80513 -28.0984 147.966
3 2.52844 -27.4035 145.612
3 2.54249 -29.9449 145.892
3 0.381405 -28.6554 145.738
1 6.04787 -27.0075 146.533
1 8.9683 -28.2307 146.967
2 7.10986 -28.9215 144.766
3 7.05694 -29.2476 143.182
3 7.68386 -27.4768 145.142
3 7.69363 -30.0045 145.814
3 5.56064 -28.7615 145.305
1 6.0361 -24.0803 145.7
1 3.3119 -25.4054 145.848
2 4.96646 -24.9949 147.986
3 5.00527 -24.5602 149.497
3 4.3647 -26.4431 147.74
3 4.21064 -23.9808 147.08
3 6.53236 -25.0702 147.358
1 8.40359 -27.2474 139.076
2 10.2399 -26.3945 141.554
3 10.3748 -26.847 140.058
3 9.56394 -27.5091 142.608
3 9.67339 -25.0419 141.861
3 11.7725 -26.2158 142.209
1 3.7567 -29.1974 144.381
2 1.91272 -29.5215 141.607
3 1.8038 -29.1689 143.175
3 2.57176 -28.4159 140.637
3 2.65297 -30.8554 141.262
3 0.465337 -29.7634 140.884
1 6.0832 -27.9778 141.677
1 8.95378 -29.4799 141.965
2 7.1959 -30.0278 140.03
3 7.08857 -30.4134 138.424
3 7.77602 -28.5885 140.393
3 7.79306 -31.0723 140.883
3 5.59224 -29.8568 140.751
1 6.01849 -25.2292 140.837
1 3.27366 -26.6007 141.076
2 4.9886 -26.1101 143.317
3 5.10381 -25.6924 144.879
3 4.43253 -27.4757 142.968
3 4.38649 -25.0083 142.391
3 6.55664 -26.1509 142.62
1 8.34285 -28.4242 134.102
2 10.2085 -27.7239 136.748
3 10.3148 -28.0494 135.229
3 9.6061 -28.7206 137.845
3 9.57868 -26.3063 137.093
3 11.7368 -27.5288 137.455
1 3.80446 -30.032 139.582
2 1.92936 -30.7586 136.993
3 1.96099 -30.3761 138.552
3 2.67835 -29.7221 135.989
3 2.66139 -32.0959 136.753
3 0.515498 -30.8668 136.335
1 6.16324 -29.128 136.974
1 9.02582 -30.6213 137.542
2 7.19153 -31.2494 135.339
3 7.06121 -31.6126 133.797
3 7.85926 -32.3375 136.376
3 7.83264 -29.7905 135.578
3 5.74972 -31.0717 136.047
1 6.35107 -26.3058 136.226
1 3.20763 -27.7133 136.474
2 5.06006 -27.1732 138.619
3 5.01723 -26.8125 140.183
3 4.50258 -28.592 138.379
3 4.36234 -26.2335 137.646
3 6.61082 -27.3174 137.982
1 8.43847 -29.5352 129.492
2 10.25 -28.8458 132.082
3 10.2458 -29.2126 130.597
3 9.67097 -29.9455 133.161
3 9.50401 -27.4179 132.423
3 11.7098 -28.5998 132.635
1 3.95514 -31.2042 135.032
2 1.96384 -31.9785 132.329
3 1.82329 -31.5693 133.819
3 2.53808 -30.8559 131.315
3 2.59829 -33.3367 132.021
3 0.444286 -32.2019 131.514
1 5.93836 -30.4042 132.256
1 8.91354 -31.9175 132.776
2 7.22705 -32.2957 130.552
3 7.13414 -32.5714 129.065
3 7.7143 -33.4089 131.58
3 7.96347 -30.9387 130.842
3 5.58318 -32.0096 131.259
1 6.21325 -27.321 131.328
1 3.27857 -28.9364 131.65
2 5.04201 -28.425 133.871
3 5.09035 -28.1126 135.408
3 4.50324 -29.8789 133.461
3 4.32864 -27.3702 132.869
3 6.5351 -28.5389 133.143
1 8.39695 -30.8072 124.804
2 10.2177 -29.9979 127.466
3 10.2419 -30.3708 126.019
3 9.4992 -31.0364 128.426
3 9.63413 -28.4718 127.756
3 11.7215 -29.7825 128.148
1 3.81113 -32.2481 130.133
2 1.96354 -33.0244 127.604
3 1.9238 -32.6012 129.107
3 2.62615 -34.4398 127.194
3 2.59954 -31.9377 126.647
3 0.479524 -33.2234 126.896
1 6.04192 -31.5461 127.531
1 8.99721 -32.9509 127.905
2 7.06039 -33.483 126.034
3 6.95174 -34.0143 124.515
3 7.852 -32.1857 126.187
3 7.70386 -34.5873 127.043
3 5.59202 -33.1843 126.749
1 6.27765 -28.7168 126.696
1 3.17671 -29.952 127.179
2 5.12363 -29.491 129.125
3 5.23252 -29.1093 130.672
3 4.38492 -30.8902 128.847
3 4.52431 -28.4916 128.078
3 6.60386 -29.7552 128.427
1 8.51913 -31.7183 120.286
2 10.3045 -30.9783 122.897
3 10.3334 -31.382 121.358
3 9.54405 -32.1098 123.813
3 9.61373 -29.5676 123.19
3 11.7732 -30.9072 123.496
1 3.89431 -33.556 125.613
2 2.15766 -34.1413 122.895
3 1.99344 -33.7577 124.412
3 2.863 -35.4296 122.641
3 2.63383 -33.0399 121.899
3 0.636652 -34.3551 122.324
1 6.0523 -32.9236 123.023
1 9.07065 -34.1897 123.404
2 7.08509 -34.6488 121.302
3 7.01027 -35.0893 119.778
3 7.64807 -33.2186 121.631
3 7.87193 -35.6363 122.354
3 5.63806 -34.5997 122.012
1 6.15074 -29.9459 122.134
1 3.29717 -30.9411 122.31
2 5.15503 -30.837 124.48
3 5.28556 -30.432 125.958
3 4.41282 -32.1603 124.192
3 4.53845 -29.718 123.505
3 6.64835 -31.0178 123.854
1 8.54949 -32.8646 115.585
2 10.1772 -32.2186 118.132
3 10.2932 -32.5541 116.64
3 9.59125 -33.2277 119.155
3 9.50663 -30.8212 118.509
3 11.7333 -32.1002 118.667
1 4.00512 -34.8179 120.782
2 2.0369 -35.3302 118.257
3 2.05954 -35.0226 119.772
3 2.79297 -34.2752 117.333
3 2.61821 -36.783 117.863
3 0.530105 -35.3653 117.619
1 6.16045 -33.8056 118.321
1 8.88358 -35.1499 118.741
2 7.1038 -35.6646 116.611
3 7.05192 -36.0868 115.076
3 7.78792 -36.8256 117.61
3 7.77157 -34.2834 116.872
3 5.68547 -35.5822 117.26
1 6.15155 -30.9201 117.553
1 3.33265 -32.2715 117.728
2 5.15453 -31.8938 119.943
3 5.21443 -31.5361 121.427
3 4.38666 -30.8499 118.998
3 4.58845 -33.2803 119.548
3 6.61792 -31.8946 119.239
1 8.47767 -33.8971 110.802
2 10.348 -33.3835 113.52
3 10.4746 -33.7194 111.972
3 9.63846 -34.4581 114.425
3 9.63243 -32.0122 113.938
3 11.8104 -33.1851 114.205
1 3.99576 -35.8399 116.169
2 1.97498 -36.5441 113.608
3 1.91568 -36.2593 115.161
3 2.74633 -35.4411 112.678
3 2.71637 -37.8346 113.185
3 0.553894 -36.7103 112.959
1 6.14518 -34.9525 113.368
1 8.88924 -36.441 113.908
2 7.19206 -36.8466 111.756
3 7.11221 -37.1211 110.213
3 7.73083 -38.0225 112.739
3 7.93138 -35.4919 112.214
3 5.73464 -36.7219 112.501
1 6.33256 -32.0478 112.623
1 3.37996 -33.2947 113.13
2 5.16903 -32.9711 115.086
3 5.27145 -32.6746 116.636
3 4.39543 -31.8943 114.206
3 4.50747 -34.4065 114.782
3 6.66275 -33.1549 114.375
1 8.37504 -35.2112 106.384
2 10.3133 -34.3743 108.936
3 10.3047 -34.8302 107.445
3 9.70671 -35.5325 109.923
3 9.48011 -33.017 109.135
3 11.8191 -34.224 109.598
1 3.76341 -36.9246 111.514
2 1.88419 -37.6614 109.002
3 1.79533 -37.2328 110.471
3 2.62437 -36.5554 108.054
3 2.62589 -39.033 108.588
3 0.503882 -37.789 108.224
1 6.0476 -36.0837 108.753
1 8.98757 -37.4544 109.29
2 7.19626 -37.9943 107.192
3 7.17426 -38.2874 105.715
3 8.02932 -39.0558 108.121
3 7.72897 -36.605 107.616
3 5.68435 -38.0308 107.819
1 6.24377 -33.3278 107.911
1 3.23121 -34.5979 108.209
2 5.07112 -34.1416 110.504
3 5.16518 -33.7161 111.98
3 4.31886 -33.2134 109.505
3 4.52056 -35.6074 110.11
3 6.57279 -34.175 109.837
1 7.64753 -34.3198 103.692
2 10.0335 -35.7751 103.968
3 10.6612 -35.0833 102.548
3 9.52897 -36.5409 105.389
3 9.52072 -34.1094 104.7
3 11.8002 -35.4613 104.972
1 3.71986 -38.0447 107.009
2 2.00538 -38.1945 104.002
3 1.74449 -38.2272 105.59
3 3.20354 -37.4663 103.27
3 2.24493 -39.8164 103.67
3 0.600134 -37.5342 103.399
1 4.89596 -38.2555 104.387
1 9.25481 -38.3087 104.648
2 7.45897 -37.2887 102.589
3 7.44052 -37.2465 101.027
3 8.09894 -38.8054 103.088
3 8.45548 -36.1697 103.153
3 6.01782 -37.2658 103.093
1 4.93414 -32.7575 103.069
1 2.5519 -34.4444 103.884
2 5.1974 -35.2472 105.731
3 5.19373 -34.9099 107.386
3 4.42469 -34.1419 104.863
3 4.49873 -36.6601 105.512
3 6.6996 -35.1349 105.314
1 5.35299 -22.9953 93.2122
2 12.7281 -28.9424 99.4427
3 11.5598 -29.1564 100.556
3 13.268 -30.4821 99.0834
3 13.8917 -28.3255 100.302
3 12.2624 -28.0694 98.1892
1 4.683 -35.9186 102.682
2 3.25655 -34.7608 100.514
3 4.1184 -36.1415 100.838
3 3.35568 -34.2338 102.115
3 3.51335 -33.2557 99.8072
3 1.75906 -35.2551 100.131
1 7.80956 -26.2479 99.6338
1 11.7344 -34.9995 98.0631
2 8.76116 -26.4844 96.3703
3 9.30282 -25.1611 95.8147
3 9.38746 -27.8865 95.878
3 7.72181 -26.4323 97.6389
3 7.20715 -26.6801 95.1378
1 3.97955 -23.774 96.3968
1 6.79908 -31.2479 97.6363
2 6.9585 -33.7011 101.207
3 6.1966 -34.576 102.369
3 5.98593 -32.4175 101.334
3 7.07843 -34.6296 99.9425
3 8.31956 -33.3117 101.814
1 5.92931 -27.0702 97.1506
2 -0.297188 -20.8396 93.599
3 -1.24844 -21.8719 94.3713
3 3.61682 -20.7604 91.7488
3 0.821433 -20.9443 92.5201
3 0.536992 -16.3819 93.4643
1 5.0459 -17.1049 188.618
1 6.94704 -20.5272 93.2141
2 2.52217 -21.2669 95.7839
3 2.38697 -22.7371 96.3499
3 2.84987 -18.1284 93.0193
3 1.03851 -20.7201 95.4299
3 3.39619 -21.0728 94.4855
1 8.6608 -10.2591 184.486
2 10.431 -9.5376 187.014
3 10.6286 -9.89644 185.466
3 9.22147 -10.3134 187.662
3 10.2206 -8.01288 187.402
3 11.7919 -10.2674 187.688
2 2.07023 -11.7658 187.374
3 2.78778 -12.5599 188.516
3 2.55578 -14.9927 187.036
3 3.06596 -11.5429 186.125
3 0.851903 -12.6071 186.641
1 9.21153 -10.4031 189.666
1 9.19456 -12.3684 187.468
2 7.1903 -13.0411 185.655
3 7.17678 -13.5244 184.08
3 8.12716 -13.9858 186.605
3 7.96278 -11.6876 185.704
3 5.67598 -13.0441 186.237
1 6.60272 -8.48058 186.672
1 3.91879 -9.53749 186.533
1 8.65949 -11.2247 179.801
2 10.4801 -10.7586 182.379
3 10.541 -11.0692 180.828
3 9.95252 -11.9343 183.377
3 9.71152 -9.4872 182.724
3 12.0683 -10.4066 182.922
1 4.07715 -12.9975 184.91
2 2.30027 -13.8191 182.488
3 2.16666 -13.4284 184.037
3 2.88055 -12.8252 181.486
3 2.89478 -15.2356 182.137
3 0.740399 -14.027 181.967
1 6.55521 -12.4367 182.329
1 9.32269 -13.7894 183.186
2 7.45694 -14.2866 180.797
3 7.23862 -14.6241 179.278
3 8.14195 -15.2789 181.926
3 8.04342 -12.8652 181.085
3 5.91377 -14.2508 181.438
1 6.20627 -9.30416 181.658
1 3.58032 -10.6707 182.078
2 5.50903 -10.276 183.983
3 5.57172 -9.86472 185.457
3 4.72883 -9.20301 183.057
3 4.83875 -11.6764 183.593
3 6.94079 -10.5633 183.207
1 8.58633 -12.4491 175.042
2 10.4163 -11.6912 177.591
3 10.5247 -12.1838 176.1
3 9.66465 -12.706 178.572
3 9.82644 -10.2323 177.94
3 11.8774 -11.5764 178.322
1 4.04982 -14.2276 180.416
2 2.11013 -14.9122 177.772
3 1.88579 -14.5498 179.326
3 2.77353 -16.2748 177.502
3 2.75053 -13.8345 176.795
3 0.627089 -15.1513 177.149
1 6.25761 -13.4298 177.802
1 9.17222 -14.7079 178.255
2 7.33809 -15.2885 176.251
3 7.31577 -15.6283 174.765
3 7.90956 -16.4881 177.245
3 7.99402 -13.9211 176.528
3 5.77803 -15.1705 176.927
1 6.20191 -10.3818 177.006
1 3.3592 -11.774 177.327
2 5.17116 -11.3239 179.397
3 5.24737 -10.9939 180.926
3 4.60009 -12.8051 179.02
3 4.43527 -10.3788 178.334
3 6.71402 -11.3932 178.728
1 8.63364 -13.6889 170.454
2 10.4867 -13.0248 173.006
3 10.4893 -13.3166 171.455
3 9.92712 -14.0632 174.019
3 9.77435 -11.6507 173.346
3 12.0006 -12.6945 173.517
1 3.94194 -15.2278 175.744
2 2.20837 -16.0176 173.205
3 2.07215 -15.6415 174.742
3 2.82598 -17.5079 172.83
3 2.8952 -14.9519 172.251
3 0.777305 -16.104 172.514
1 6.37563 -14.4242 173.049
1 9.11583 -15.9946 173.695
2 7.30189 -16.3883 171.427
3 7.26514 -16.8512 169.931
3 8.01826 -17.4263 172.425
3 7.93565 -15.0044 171.852
3 5.83175 -16.1698 172.147
1 6.33866 -11.4881 172.154
1 3.34289 -13.0493 172.639
2 5.18847 -12.4827 174.73
3 5.30285 -12.229 176.256
3 4.50441 -13.9046 174.4
3 4.65153 -11.299 173.723
3 6.76531 -12.7317 174.086
1 8.51685 -14.5617 165.706
2 10.401 -13.9442 168.417
3 10.5024 -14.3107 166.831
3 9.68061 -15.0637 169.301
3 9.74708 -12.5124 168.692
3 11.8784 -13.8347 169.059
1 4.10339 -16.5075 171.027
2 2.17977 -17.0431 168.394
3 2.09752 -16.7763 169.972
3 2.84198 -18.4478 168.01
3 2.88792 -15.9312 167.557
3 0.686481 -17.1944 167.734
1 6.05862 -15.472 168.289
1 9.06195 -16.9842 168.866
2 7.18107 -17.4266 166.822
3 6.95449 -17.7163 165.229
3 8.00045 -18.5004 167.674
3 7.7269 -15.98 167.027
3 5.69747 -17.2844 167.494
1 6.20768 -12.576 167.498
1 3.36551 -13.8827 167.984
2 5.3809 -13.5573 169.97
3 5.5709 -13.1262 171.485
3 4.59441 -12.5645 169.049
3 4.79118 -15.0228 169.751
3 6.82089 -13.6518 169.298
1 8.40805 -15.7006 160.924
2 10.234 -15.124 163.606
3 10.2949 -15.4463 162.087
3 9.63695 -16.2317 164.727
3 9.72815 -13.7022 164.058
3 11.8812 -14.9671 164.295
1 3.94004 -17.3442 166.378
2 2.07205 -18.1348 163.647
3 1.99994 -17.8154 165.175
3 2.69699 -17.0884 162.681
3 2.6402 -19.5054 163.264
3 0.4775 -18.2788 163.045
1 6.10821 -16.4266 163.655
1 9.12641 -18.3149 164.342
2 7.13874 -18.3939 162.063
3 7.09089 -18.8699 160.526
3 7.80193 -19.4799 163.105
3 7.89721 -17.0505 162.279
3 5.67374 -18.2637 162.748
1 6.08994 -13.5159 162.81
1 3.35994 -15.1719 163.187
2 5.17311 -14.5959 165.301
3 5.24681 -14.3206 166.76
3 4.57669 -16.0881 164.979
3 4.43808 -13.5366 164.343
3 6.61935 -14.6137 164.457
1 8.34033 -16.7831 156.156
2 10.2167 -16.0871 158.917
3 10.3444 -16.4974 157.446
3 9.43748 -17.1957 159.744
3 9.62413 -14.703 159.438
3 11.7461 -16.0842 159.565
1 3.93324 -18.4776 161.679
2 1.85005 -19.2385 158.976
3 2.01645 -18.8893 160.481
3 2.45394 -20.7774 158.606
3 2.52304 -18.2531 157.991
3 0.379319 -19.4926 158.426
1 6.24002 -17.6379 158.923
1 8.79877 -19.1062 159.408
2 6.97582 -19.641 157.241
3 6.85128 -20.0485 155.786
3 7.55014 -20.6894 158.184
3 7.70715 -18.2636 157.565
3 5.49136 -19.3761 157.993
1 6.2207 -14.7746 158.003
1 3.19921 -16.256 158.368
2 5.11842 -15.6291 160.485
3 5.31459 -15.31 161.968
3 4.48855 -14.6408 159.426
3 4.49886 -17.1024 160.28
3 6.631 -15.9294 159.763
1 8.33237 -17.9465 151.557
2 10.1986 -17.3623 154.077
3 10.2665 -17.5832 152.587
3 9.4622 -18.3562 155.116
3 9.53667 -15.8928 154.568
3 11.6799 -17.2455 154.727
1 3.71623 -19.7684 156.939
2 1.84648 -20.3489 154.296
3 1.69516 -20.0353 155.774
3 2.57851 -19.2829 153.251
3 2.5348 -21.7541 153.932
3 0.405079 -20.5149 153.463
1 6.2008 -18.8172 154.263
1 8.88747 -20.1766 154.715
2 6.94209 -20.7544 152.533
3 6.89831 -21.032 150.987
3 7.6922 -21.8596 153.537
3 7.7505 -19.399 152.95
3 5.51775 -20.5587 153.26
1 6.1166 -15.8883 153.528
1 3.16005 -17.5018 153.581
2 4.97517 -16.8115 155.853
3 5.14253 -16.5653 157.378
3 4.14593 -18.1194 155.406
3 4.50298 -15.5989 154.843
3 6.51899 -17.0199 155.248
1 8.4532 -19.0448 146.754
2 10.2477 -18.302 149.359
3 10.3606 -18.6312 147.814
3 9.51099 -19.3101 150.361
3 9.55668 -16.9225 149.762
3 11.7871 -18.1047 150.064
1 3.73378 -20.9153 152.128
2 1.93953 -21.4708 149.544
3 1.87125 -21.014 151.03
3 2.74597 -20.3733 148.681
3 2.35734 -22.9645 149.328
3 0.468114 -21.3892 148.785
1 6.08966 -19.937 149.533
1 8.63342 -21.2668 149.873
2 6.95972 -21.916 147.806
3 6.86471 -22.3341 146.262
3 7.54328 -20.4569 148.105
3 7.74943 -22.8511 148.795
3 5.50831 -21.8161 148.607
1 6.17548 -17.02 148.719
1 3.3529 -18.3899 149.11
2 5.0714 -17.9358 151.126
3 5.16579 -17.6992 152.655
3 4.40873 -19.3485 150.757
3 4.44723 -16.8801 150.116
3 6.56348 -18.1399 150.386
1 8.29673 -20.2573 142.043
2 10.2587 -19.5033 144.728
3 10.4988 -19.9424 143.219
3 9.56234 -20.5913 145.676
3 9.56076 -18.1213 144.958
3 11.7298 -19.2722 145.404
1 3.84305 -22.029 147.53
2 1.8775 -22.409 144.888
3 1.85057 -22.0912 146.38
3 2.5798 -21.4326 143.87
3 2.62881 -23.9206 144.493
3 0.411287 -22.7471 144.127
1 6.18233 -21.0464 144.68
1 8.86237 -22.4961 145.126
2 6.95871 -23.0682 143.106
3 6.98212 -23.4889 141.55
3 7.67451 -24.0989 144.053
3 7.71585 -21.6481 143.448
3 5.46478 -22.7115 143.661
1 6.2071 -18.2032 143.843
1 3.25299 -19.5119 144.22
2 5.1294 -19.2195 146.388
3 5.12383 -18.699 147.894
3 4.6465 -20.6772 146.229
3 4.17696 -18.3068 145.442
3 6.55761 -19.187 145.599
1 8.5302 -21.3034 137.194
2 10.3136 -20.6507 140.025
3 10.4199 -21.0598 138.525
3 9.63772 -21.7632 141.034
3 9.68412 -19.3409 140.396
3 11.8509 -20.5618 140.642
1 3.65053 -23.1575 142.674
2 2.0128 -23.6195 140.083
3 1.92093 -23.2575 141.6
3 2.72521 -22.7132 138.932
3 2.73031 -24.991 139.755
3 0.48708 -23.9036 139.43
1 6.13439 -22.3309 139.993
1 8.95714 -23.6201 140.562
2 7.1967 -24.1986 138.458
3 7.11828 -24.575 136.828
3 7.88903 -22.7973 138.73
3 7.84465 -25.2943 139.363
3 5.72506 -24.0897 139.097
1 6.10116 -19.3208 139.136
1 3.39433 -20.7916 139.444
2 5.10182 -20.3234 141.597
3 5.12327 -19.8685 143.121
3 4.37317 -21.6485 141.236
3 4.53228 -19.248 140.572
3 6.65778 -20.4872 140.825
1 8.44411 -22.5963 132.569
2 10.3114 -21.8468 135.105
3 10.4865 -22.2706 133.628
3 9.63249 -22.8807 136.135
3 9.57944 -20.5353 135.395
3 11.7241 -21.6552 135.918
1 3.80721 -24.2649 137.969
2 1.87759 -24.9305 135.38
3 1.92734 -24.6117 136.921
3 2.68031 -23.798 134.435
3 2.62265 -26.291 135.045
3 0.469071 -25.0263 134.608
1 6.28815 -23.3395 135.357
1 9.03225 -24.7848 135.699
2 7.1687 -25.4326 133.74
3 7.14835 -25.7204 132.265
3 7.85697 -23.9783 134.029
3 7.80063 -26.4981 134.792
3 5.6138 -25.2332 134.404
1 6.24778 -20.528 134.636
1 3.3437 -21.9957 134.905
2 5.18368 -21.4376 136.9
3 5.23547 -20.9915 138.406
3 4.48022 -22.8297 136.585
3 4.44592 -20.3328 135.926
3 6.70269 -21.5506 136.33
1 8.37853 -23.6331 128.024
2 10.3423 -22.9083 130.503
3 10.3984 -23.3278 129.004
3 9.71656 -24.0768 131.46
3 9.63031 -21.5742 130.869
3 11.8646 -22.8374 131.096
1 3.87951 -25.4631 133.337
2 1.90296 -26.0349 130.585
3 1.83361 -25.7529 132.137
3 2.62061 -24.9776 129.614
3 2.72532 -27.4738 130.243
3 0.455327 -26.3079 129.845
1 6.11592 -24.4307 130.6
1 9.01528 -25.8397 131.034
2 7.17373 -26.4432 128.958
3 7.01739 -26.8867 127.475
3 7.9467 -25.0631 129.305
3 7.72638 -27.6186 129.962
3 5.72334 -26.0623 129.647
1 6.19422 -21.491 129.995
1 3.35979 -23.0067 130.197
2 5.13613 -22.5431 132.352
3 5.30324 -22.147 133.895
3 4.52413 -23.9575 132.018
3 4.54332 -21.4272 131.336
3 6.587 -22.8504 131.68
1 8.41653 -24.9687 123.425
2 10.2803 -24.0668 125.78
3 10.4332 -24.5032 124.342
3 9.64051 -25.0484 126.75
3 9.75911 -22.5611 126.125
3 11.7697 -23.9388 126.538
1 3.86465 -26.6006 128.582
2 2.08397 -27.2186 125.998
3 2.10617 -26.8599 127.553
3 2.71205 -26.1366 124.999
3 2.64884 -28.5758 125.666
3 0.564918 -27.2387 125.297
1 5.88025 -25.7073 126.051
1 8.91834 -26.8909 126.453
2 7.09248 -27.6794 124.4
3 6.99955 -27.9359 122.894
3 7.75973 -28.7588 125.368
3 7.73114 -26.2667 124.737
3 5.60867 -27.5811 125.035
1 5.98028 -22.729 125.118
1 3.20018 -24.049 125.554
2 5.01144 -23.6302 127.66
3 5.20635 -23.2971 129.184
3 4.31035 -24.9727 127.22
3 4.56923 -22.4984 126.678
3 6.48339 -23.925 126.998
1 8.40478 -25.8013 118.529
2 10.229 -25.2338 121.146
3 10.282 -25.559 119.642
3 9.71992 -23.7725 121.392
3 9.6388 -26.2578 122.265
3 11.7296 -25.0759 121.857
1 3.93912 -27.8444 123.871
2 1.88858 -28.3346 121.349
3 1.8219 -28.0763 122.927
3 2.62156 -29.6991 121
3 2.56601 -27.1763 120.389
3 0.428071 -28.5274 120.709
1 6.12112 -26.7886 121.384
1 8.95415 -28.0482 121.921
2 7.08662 -28.7033 119.708
3 6.99443 -29.1015 118.15
3 7.83739 -27.296 120.07
3 7.71401 -29.6966 120.745
3 5.5662 -28.4443 120.281
1 6.09839 -23.8392 120.632
1 3.26317 -25.1154 120.815
2 5.02524 -24.9205 123.104
3 5.05442 -24.5711 124.616
3 4.41795 -26.289 122.592
3 4.38453 -23.7794 122.046
3 6.46385 -25.0206 122.424
1 8.22778 -27.1361 113.982
2 10.0326 -26.38 116.322
3 10.1972 -26.7733 114.865
3 9.34114 -27.3891 117.362
3 9.3949 -24.9601 116.725
3 11.5808 -26.1517 117.134
1 3.73664 -28.919 119.113
2 1.95005 -29.4272 116.691
3 1.80234 -28.9601 118.172
3 2.6405 -28.3368 115.666
3 2.62779 -30.7936 116.437
3 0.404307 -29.6233 116.209
1 6.16954 -27.9275 116.573
1 8.80863 -29.2599 117.137
2 7.16965 -29.9958 114.936
3 6.99762 -30.3443 113.454
3 7.78583 -31.0199 115.969
3 7.79428 -28.5398 115.315
3 5.6585 -29.6818 115.714
1 5.93096 -25.0223 115.848
1 3.23015 -26.5063 116.181
2 5.00705 -26.0057 118.314
3 5.25927 -25.4663 119.769
3 4.36066 -24.883 117.316
3 4.4002 -27.3945 117.987
3 6.49635 -26.1344 117.607
1 8.35643 -28.113 109.289
2 10.2314 -27.489 111.765
3 10.4444 -27.8392 110.252
3 9.50759 -28.5451 112.752
3 9.54677 -26.0679 112.149
3 11.7272 -27.2603 112.45
1 3.724 -29.9625 114.666
2 2.09026 -30.4773 112.033
3 1.87903 -30.147 113.584
3 2.65962 -29.4486 110.951
3 2.70777 -31.9441 111.753
3 0.567029 -30.7295 111.364
1 6.02535 -29.1151 111.968
1 9.10823 -30.5758 112.368
2 7.20032 -31.0497 110.246
3 7.06808 -31.3099 108.739
3 7.93163 -32.0251 111.289
3 7.91497 -29.6503 110.518
3 5.72321 -30.9123 110.916
1 6.05863 -26.0652 111.105
1 3.20913 -27.5347 111.378
2 5.12885 -27.2403 113.588
3 5.22296 -26.7519 115.084
3 4.4173 -26.1589 112.672
3 4.50844 -28.696 113.304
3 6.56031 -27.2799 112.921
1 8.46724 -28.7155 104.238
2 10.392 -28.6333 107.125
3 10.2097 -28.9675 105.616
3 9.86511 -29.8091 108.051
3 9.67948 -27.2165 107.439
3 11.8481 -28.4046 107.762
1 3.94353 -31.1052 109.865
2 1.86281 -31.7146 107.321
3 1.91858 -31.3303 108.834
3 2.7727 -30.6609 106.407
3 2.59178 -33.1485 107
3 0.452539 -31.879 106.552
1 6.07701 -30.09 107.055
1 8.96888 -31.6051 107.804
2 7.17576 -32.1647 105.691
3 7.05038 -32.4842 104.15
3 7.84177 -33.13 106.769
3 8.05325 -30.7862 105.855
3 5.77827 -31.9559 106.371
1 5.50213 -27.0374 105.996
1 3.23315 -28.7127 106.715
2 5.24097 -28.2182 108.794
3 5.30453 -27.8689 110.368
3 4.53987 -27.1297 107.793
3 4.55872 -29.6335 108.622
3 6.67819 -28.4699 108.059
1 10.2489 -28.0696 98.5916
2 10.0276 -27.0851 101.802
3 9.5886 -27.3727 100.342
3 9.73655 -28.3695 102.693
3 9.44878 -25.7713 102.423
3 11.7392 -26.947 102.404
1 3.93486 -32.0834 105.716
2 2.00358 -31.296 103.212
3 2.2606 -32.4566 104.22
3 2.00948 -29.6983 103.539
3 2.67159 -31.3478 101.847
3 0.320912 -31.4671 103.086
1 4.99844 -27.0662 101.058
1 7.51918 -31.2138 102.254
2 6.98125 -29.3144 99.6286
3 7.39245 -29.2295 97.9967
3 8.04469 -29.977 100.568
3 6.66038 -27.7691 100.061
3 5.7952 -30.4086 99.5491
1 5.66222 -24.2345 101.164
1 1.05423 -27.9305 104.094
2 5.43762 -29.4332 103.764
3 5.23364 -28.9029 105.43
3 4.71552 -28.1381 102.856
3 4.73021 -30.8795 103.613
3 6.90475 -29.5983 103.395
1 8.99701 -11.0083 96.5702
2 9.30957 -16.0411 96.3246
3 10.7512 -15.4901 96.0732
3 9.0004 -17.3445 95.5039
3 11.8512 -17.9765 96.9854
3 14.811 -19.44 99.1342
1 4.44479 -31.3871 100.68
2 0.28479 -24.9978 98.6559
3 0.0631605 -26.3146 97.7953
3 0.574422 -23.6525 97.8898
3 3.18644 -20.5162 97.0134
3 -0.891391 -24.5483 99.6853
1 4.91342 -20.6293 95.7946
1 7.70532 -21.1493 95.7452
2 8.78033 -18.1472 94.221
3 8.28232 -12.5925 95.7912
3 7.62044 -19.2424 94.7368
3 4.91906 -11.9773 96.6373
3 4.77594 -18.7433 95.0439
1 8.54967 -17.5235 99.5182
1 7.54716 -15.1934 98.1848
2 6.2477 -23.9723 97.9251
3 6.35147 -24.6287 99.3017
3 5.07958 -22.697 97.8144
3 5.55181 -24.9785 96.9208
3 7.52881 -23.259 97.196
1 4.21256 -19.6203 93.3008
2 5.08439 -10.8002 95.5861
3 3.46949 -15.1138 93.651
3 6.37162 -10.7108 94.7123
3 8.11037 -15.0071 96.0737
3 4.63215 -9.49173 96.3619
1 11.3006 -23.8883 187.942
1 11.5805 -24.5173 183.287
1 11.6231 -25.5455 178.551
1 11.4963 -26.8065 173.802
1 11.3877 -27.9172 169.091
1 11.1701 -28.9838 164.339
1 10.9745 -30.1432 159.846
1 11.1197 -31.2947 154.902
1 11.1613 -32.2369 150.271
1 11.4329 -33.2983 145.54
1 11.2703 -34.4664 140.765
1 11.3055 -35.7719 135.987
1 11.3521 -36.9586 131.397
1 11.0501 -38.1341 126.757
1 11.4457 -39.0965 122.045
1 11.2068 -40.0576 117.364
1 10.985 -41.3867 112.633
1 11.1899 -42.4188 108.031
1 11.2079 -40.8516 102.476
1 12.2892 -31.9363 99.9384
1 9.88697 -18.363 187.028
1 12.7737 -17.315 186.164
1 11.6377 -21.7347 182.429
1 11.4617 -18.6473 181.725
1 11.3986 -22.7567 177.718
1 11.5059 -19.8938 176.928
1 11.5716 -23.846 172.893
1 11.5931 -20.7723 172.236
1 11.5331 -24.9077 168.357
1 11.3433 -22.0029 167.515
1 11.2958 -25.8834 163.532
1 11.1124 -22.9827 162.969
1 11.2088 -27.0662 158.958
1 11.3038 -24.0553 158.132
1 11.088 -28.1641 154.195
1 11.2651 -25.089 153.443
1 11.1622 -29.2434 149.628
1 11.3366 -26.2133 148.648
1 11.0561 -30.3672 144.724
1 11.2606 -27.3978 143.985
1 11.2586 -31.619 139.963
1 11.3114 -28.5662 139.213
1 11.2266 -32.7367 135.246
1 11.1786 -29.8382 134.486
1 11.097 -33.8604 130.525
1 11.31 -30.9426 129.898
1 11.4545 -35.0634 125.896
1 11.4059 -32.0338 125.198
1 11.4369 -36.1026 121.366
1 11.2492 -33.2326 120.597
1 11.2118 -37.2786 116.584
1 11.5101 -34.3458 115.911
1 11.2955 -38.499 111.952
1 11.3975 -35.3359 111.191
1 11.5367 -39.6057 107.189
1 11.265 -36.6397 106.576
1 11.1198 -36.6062 101.198
1 10.0234 -30.0986 101.453
1 13.0429 -27.5267 96.4135
1 11.2065 -24.2074 95.6437
1 11.4975 -14.4338 185.585
1 11.5789 -11.6422 184.737
1 11.5462 -15.8134 180.903
1 11.2799 -12.768 180.025
1 11.458 -16.9164 176.162
1 11.479 -13.7909 175.39
1 11.7298 -17.9372 171.473
1 11.3167 -15.0349 170.74
1 11.4982 -19.0685 166.808
1 11.3674 -16.047 166.026
1 11.2758 -20.0588 162.01
1 11.352 -17.1425 161.296
1 11.1979 -21.2414 157.372
1 11.1943 -18.2418 156.651
1 10.9072 -22.2314 152.647
1 11.3668 -19.2511 151.783
1 11.2604 -23.2434 147.921
1 11.3345 -20.3058 147.132
1 11.3818 -24.3524 143.07
1 11.2177 -21.5857 142.383
1 11.1062 -25.6797 138.41
1 11.2171 -22.7906 137.535
1 11.231 -26.8449 133.681
1 11.5054 -23.9586 132.908
1 11.3189 -28.0017 129.012
1 11.4245 -25.201 128.136
1 11.2757 -29.1315 124.472
1 11.4091 -26.1561 123.555
1 11.2062 -30.2189 119.712
1 11.0491 -27.3474 118.801
1 11.087 -31.3864 115.13
1 11.1202 -28.4666 114.322
1 11.4537 -32.4897 110.569
1 11.439 -29.4968 109.612
1 11.1545 -33.7137 105.742
1 9.92357 -30.8834 105.091
1 13.0345 -28.4924 102.207
1 16.7041 -18.2976 96.1554
1 11.6532 -17.7833 94.5811
1 11.8125 -14.6794 93.5102
1 11.5137 -8.73784 183.983
1 11.3138 -9.7729 179.257
1 11.4838 -10.8859 174.568
1 11.2891 -11.9929 169.977
1 11.357 -13.1784 165.256
1 11.3186 -14.3098 160.672
1 11.2984 -15.3649 155.9
1 11.2731 -16.4563 151.062
1 11.4397 -17.4785 146.302
1 11.2959 -18.8337 141.536
1 11.3757 -19.9775 137.054
1 11.4549 -20.9942 132.195
1 11.2415 -22.1614 127.478
1 11.1332 -23.2007 122.71
1 11.1307 -24.4643 118.094
1 11.2309 -25.5122 113.4
1 11.3086 -26.6767 108.666
1 11.0702 -24.9856 103.311
1 10.708 -19.5125 97.1031
1 5.88726 -17.8986 99.5703
