150000 4.84683 11.8275 450.773
1 0.154573 7.28363 137.062
2 2.92378 8.7873 137.839
3 1.37017 8.63263 137.838
3 3.56785 7.43198 138.593
3 3.68437 8.73564 136.426
3 3.47952 9.96429 138.724
1 4.87751 1.29389 137.517
2 2.24233 0.363487 136.187
3 3.8176 0.180219 136.27
3 1.97356 1.94353 135.968
3 1.56075 0.0748532 137.665
3 1.60332 -0.718515 135.246
1 0.0581378 4.28435 142.016
2 2.74838 5.8102 143.069
3 1.17831 5.87645 143.052
3 3.43096 4.61225 143.865
3 3.41226 5.8181 141.611
3 3.45572 7.09739 143.781
1 2.32192 2.94236 139.64
1 2.40231 -0.276807 139.439
2 4.46137 1.39513 140.574
3 6.02029 1.51634 140.58
3 3.81033 0.225933 141.422
3 3.74245 1.3164 139.154
3 3.76245 2.75165 141.187
1 2.10608 3.72125 136.812
1 2.4703 6.18482 139.849
2 0.140271 4.5039 138.607
3 -1.4428 4.36352 138.539
3 0.720155 5.44292 137.426
3 0.863235 4.77767 140.008
3 0.786083 3.07779 138.194
1 4.81185 -1.22758 142.458
2 2.14247 -2.76277 141.467
3 3.7024 -2.86095 141.45
3 1.427 -1.54272 140.718
3 1.42306 -2.8567 142.901
3 1.45538 -4.04304 140.688
1 0.19522 1.30383 147.192
2 2.93373 2.79695 148.283
3 1.25303 2.9086 148.354
3 3.54887 3.01526 146.956
3 3.56464 1.49633 148.983
3 3.62614 3.97931 149.224
1 2.42911 0.0205272 144.875
1 2.3729 -3.17107 144.703
2 4.62662 -1.54055 145.607
3 6.08901 -1.44623 145.492
3 3.82357 -1.54701 144.24
3 3.85617 -2.81375 146.457
3 3.81406 -0.21403 146.414
1 2.39011 1.50441 142.301
1 2.49268 3.19811 145.028
2 0.316624 1.64799 144.076
3 -1.24809 1.58043 144.055
3 0.989032 2.84467 143.246
3 1.02494 1.60835 145.511
3 1.02653 0.34333 143.374
1 4.78204 -4.09061 147.519
2 2.09193 -5.82309 146.729
3 3.84486 -5.89553 146.648
3 1.45465 -4.56162 145.904
3 1.52782 -5.98405 148.154
3 1.31551 -6.99174 145.891
1 0.623139 -2.05157 152.618
2 3.22097 -0.601288 153.585
3 1.70343 -0.522228 153.437
3 3.88998 -0.510246 152.024
3 4.09311 -1.93986 154.08
3 3.91908 0.672148 154.3
1 2.74573 -2.96639 150.116
1 2.77379 -6.15456 150.163
2 4.87359 -4.83515 150.978
3 6.34279 -4.84795 151.04
3 4.10896 -6.19106 151.495
3 4.08069 -4.61853 149.539
3 4.38814 -3.64101 151.721
1 2.54888 -1.57486 147.638
1 2.96268 0.157746 150.232
2 0.42956 -1.49144 149.229
3 -1.11021 -1.51973 149.19
3 1.04573 -0.143903 148.742
3 1.27385 -1.89353 150.537
3 1.06455 -2.67487 148.313
1 5.21371 -7.35716 152.506
2 2.4188 -9.09136 152.007
3 3.93712 -9.11376 151.942
3 1.6151 -7.92457 151.089
3 1.63999 -9.06544 153.382
3 1.83413 -10.4054 151.263
1 0.6164 -5.72869 157.859
2 3.46685 -3.86555 158.575
3 1.82104 -3.79147 158.517
3 4.16986 -5.16741 159.278
3 3.97966 -3.63254 157
3 3.97264 -2.74778 159.419
1 3.04981 -6.82848 155.178
1 2.98688 -9.60036 155.265
2 5.09017 -8.44984 155.932
3 6.61157 -8.14212 156.088
3 4.36396 -8.11718 154.705
3 4.46526 -9.60552 156.769
3 4.4585 -7.15665 157.011
1 2.94369 -4.997 152.957
1 3.14218 -3.18293 155.269
2 0.867524 -4.88454 154.758
3 -0.598167 -5.1025 154.337
3 1.41877 -3.52363 154.115
3 1.45716 -5.11761 156.153
3 1.6457 -6.0619 153.756
1 5.49727 -10.8075 157.841
2 2.73908 -12.2796 157.169
3 4.28808 -12.5255 156.97
3 2.09748 -11.1199 156.522
3 2.02787 -12.6732 158.52
3 2.11582 -13.5004 156.196
1 0.96267 -8.9126 163.125
2 3.56429 -7.06902 163.728
3 2.04267 -6.9133 163.668
3 4.01989 -7.01473 162.226
3 4.50743 -8.33541 164.323
3 4.42335 -5.73085 164.259
1 3.18667 -9.6386 160.793
1 3.31031 -12.833 160.1
2 5.32397 -11.4318 161.257
3 6.94254 -11.174 161.369
3 4.75313 -12.7375 161.895
3 4.56687 -11.2228 159.902
3 4.54403 -10.2142 162.331
1 3.1641 -8.35478 157.863
1 2.99755 -6.4298 160.547
2 0.93281 -8.07067 159.61
3 -0.609118 -8.28717 159.721
3 1.7277 -6.93812 158.933
3 1.68276 -8.27515 161.07
3 1.67673 -9.35802 158.732
1 5.66959 -14.028 163.149
2 2.83805 -15.4767 162.072
3 4.59203 -15.7054 162.136
3 2.30533 -14.1917 161.476
3 2.23042 -15.624 163.474
3 2.12822 -16.695 161.125
1 0.959551 -12.0163 168.332
2 3.51611 -10.439 168.928
3 2.03359 -10.2229 169.181
3 4.13643 -10.0728 167.444
3 4.10306 -11.7316 169.559
3 4.51267 -9.08632 169.784
1 3.0909 -13.1292 165.268
1 2.9096 -16.237 165.286
2 5.25866 -14.8814 166.269
3 6.85398 -14.6484 166.213
3 4.61503 -14.461 164.885
3 4.47221 -15.9862 166.895
3 4.81215 -13.4984 167.196
1 3.13921 -11.7108 162.971
1 3.45847 -9.60858 165.698
2 1.06804 -11.3973 164.945
3 -0.381137 -11.4209 164.917
3 1.75448 -10.0266 164.443
3 1.68975 -11.5845 166.524
3 1.77945 -12.652 164.038
1 5.35766 -17.0845 168.125
2 2.88117 -18.848 167.298
3 4.40447 -18.8854 167.179
3 2.38211 -18.8993 168.746
3 2.12627 -17.6079 166.298
3 2.25335 -19.9836 166.523
1 1.14984 -15.2511 173.426
2 3.87772 -13.6399 174.313
3 2.33368 -13.5444 174.22
3 4.46283 -14.786 175.199
3 4.47863 -13.7562 172.879
3 4.43472 -12.2129 174.919
1 3.43621 -16.4444 170.56
1 3.56159 -19.3592 170.549
2 5.69681 -17.9336 171.462
3 7.1549 -17.9276 171.444
3 5.02567 -19.2705 172.163
3 4.78688 -17.6472 169.972
3 4.96018 -16.7681 172.362
1 3.10596 -14.2434 167.784
1 3.53927 -13.4506 171.059
2 1.38113 -14.6699 170.005
3 -0.19479 -14.6951 170.014
3 1.78421 -13.4127 169.211
3 1.93776 -14.8327 171.357
3 2.0367 -15.9033 168.986
1 6.1887 -20.3327 173.421
2 2.97605 -22.4751 172.594
3 4.62507 -22.5224 172.396
3 2.46537 -22.3163 174.011
3 2.39062 -21.255 171.725
3 2.2913 -23.8127 171.823
1 1.32517 -17.9885 178.36
2 4.12389 -16.3876 179.385
3 2.60881 -16.4356 179.271
3 4.91953 -17.6967 180.043
3 4.79882 -16.5287 177.847
3 4.94066 -15.2292 179.986
1 3.81543 -19.183 175.955
1 3.65502 -22.4827 175.568
2 5.95233 -20.7606 176.707
3 7.52766 -20.7748 176.627
3 5.36281 -21.928 177.459
3 5.26518 -20.7233 175.163
3 5.30107 -19.4497 177.491
1 3.69729 -17.9689 173.396
1 3.45467 -15.9692 176.154
2 1.54979 -17.7331 175.11
3 0.0446384 -17.7101 175.053
3 2.35723 -16.5065 174.533
3 2.36943 -17.62 176.565
3 2.34111 -18.9656 174.435
1 5.85027 -23.3958 178.694
2 3.41272 -25.0184 177.852
3 5.00839 -24.9797 177.656
3 2.85748 -25.2377 179.27
3 2.95065 -23.4972 177.437
3 2.59997 -26.0421 176.999
1 1.05104 -21.117 183.485
2 3.86937 -19.774 184.421
3 2.44321 -19.3152 184.713
3 4.76276 -19.663 183.004
3 4.443 -20.9862 185.186
3 4.75289 -18.3778 185.289
1 4.17634 -22.612 180.885
1 3.67028 -25.453 181.041
2 6.03253 -24.2219 182.019
3 7.49046 -23.9615 182.035
3 5.17819 -24.2444 180.583
3 5.23487 -25.2543 182.859
3 5.12207 -22.7857 182.472
1 3.72262 -20.9735 178.247
1 3.68252 -19.0782 181.025
2 1.45779 -20.6983 180.365
3 0.09166 -20.8564 180.169
3 2.1598 -20.5999 181.858
3 2.39686 -19.7098 179.378
3 1.96691 -22.1026 179.811
1 6.0822 -26.6854 183.938
2 3.42073 -28.1244 182.587
3 4.93651 -28.2493 182.791
3 2.7076 -28.0013 184.175
3 2.83201 -27.1156 181.654
3 2.70152 -29.5026 181.967
1 1.08653 -24.0962 188.914
2 3.95069 -22.7617 189.773
3 2.43977 -22.6672 189.848
3 4.42102 -24.0304 190.487
3 4.60625 -22.5748 188.33
3 4.84852 -21.5834 190.43
1 3.51333 -25.521 186.024
1 3.48415 -28.8156 186.027
2 5.53885 -27.083 187.221
3 7.08455 -26.7462 187.257
3 4.6363 -28.3263 188.077
3 5.0834 -27.1311 185.706
3 4.84946 -25.7138 187.912
1 3.72734 -23.6964 183.706
1 3.74992 -22.348 186.453
2 1.28607 -23.6356 185.568
3 -0.210492 -23.69 185.344
3 1.84759 -22.3816 184.767
3 1.97247 -23.4772 186.892
3 2.16278 -25.0716 184.75
1 5.61828 -29.7607 188.926
2 3.03996 -31.1763 188.033
3 4.56937 -31.4289 187.993
3 2.33716 -31.2673 189.437
3 2.48257 -29.9954 187.174
3 2.45057 -32.5498 187.284
1 0.456062 -27.4385 193.727
2 3.37669 -25.6664 194.813
3 1.86056 -25.5547 195.135
3 3.98351 -26.9887 195.438
3 4.00002 -25.7275 193.423
3 4.19173 -24.3513 195.551
1 3.29302 -28.8417 191.139
1 3.12536 -31.8536 191.372
2 5.26097 -30.2567 192.077
3 6.8448 -30.1747 192.104
3 4.5747 -31.581 192.936
3 4.74079 -30.2175 190.647
3 4.4079 -28.9891 192.813
1 3.48825 -26.7065 188.876
1 3.25187 -25.3563 191.738
2 1.19064 -27.0103 190.759
3 -0.495169 -27.1165 190.55
3 1.65209 -25.5894 190.361
3 1.72426 -27.2459 192.26
3 2.03734 -28.1257 189.822
1 5.66007 -32.7205 194.203
2 2.9635 -34.1689 193.496
3 4.53108 -34.4737 193.393
3 2.15647 -34.1865 194.925
3 2.4232 -33.1661 192.428
3 2.13398 -35.6861 192.815
1 1.20567 -30.2472 199.094
2 3.69092 -28.5504 200
3 2.06004 -28.3827 200.016
3 4.19893 -28.5079 198.491
3 4.44368 -30.0143 200.5
3 4.43995 -27.4023 200.731
1 3.33053 -31.6221 196.448
1 3.36542 -34.6217 196.451
2 5.48597 -33.1307 197.383
3 7.08808 -33.0984 197.384
3 4.71055 -32.9822 195.987
3 4.75489 -34.1988 198.379
3 4.91813 -31.7974 198.216
1 3.15214 -29.685 194.049
1 3.05881 -28.2031 196.884
2 1.23682 -30.1661 195.861
3 -0.497042 -30.1554 195.727
3 1.84604 -29.965 197.315
3 1.6179 -28.6699 195.01
3 1.98664 -31.2395 195.14
1 5.75892 -35.4851 199.204
2 2.86892 -37.1455 198.516
3 4.35677 -37.481 198.236
3 2.33991 -35.8443 197.835
3 2.11065 -37.2908 199.997
3 2.17347 -38.4755 197.727
1 1.20409 -33.3993 203.897
2 3.90508 -31.8342 205.104
3 2.45242 -31.7092 205.092
3 4.51949 -33.0523 205.884
3 4.71546 -31.7128 203.814
3 4.48474 -30.3911 205.859
1 3.35199 -34.6304 201.476
1 3.46619 -37.4913 201.679
2 5.39625 -36.272 202.446
3 7.0299 -36.0245 202.504
3 4.77796 -37.3387 203.363
3 4.69244 -36.1619 201.066
3 4.87405 -34.8846 203.09
1 3.38571 -32.669 199.178
1 3.6868 -31.3124 202.116
2 1.30726 -32.8284 200.845
3 -0.204514 -32.8656 201.034
3 2.06724 -31.713 200.099
3 2.11299 -33.0312 202.344
3 2.00926 -34.1646 200.091
1 5.62592 -38.8629 204.433
2 3.21336 -40.226 203.597
3 4.62058 -40.4137 203.362
3 2.47287 -39.0961 202.637
3 2.34304 -40.1364 204.961
3 2.43197 -41.717 202.997
1 0.860772 -36.6674 209.193
2 3.69814 -34.9375 210.137
3 2.26197 -34.7407 210.39
3 4.25154 -36.11 210.861
3 4.48879 -35.0603 208.65
3 4.51911 -33.7509 210.926
1 3.43339 -37.4885 206.989
1 3.18621 -40.9532 206.777
2 5.33146 -39.5431 207.71
3 6.74287 -39.2778 207.862
3 4.76729 -40.876 208.413
3 4.71107 -39.3478 206.154
3 4.43116 -38.2545 208.491
1 3.03057 -36.1383 204.214
1 3.37029 -34.3933 206.848
2 1.10199 -36.1062 206.182
3 -0.354596 -36.0515 206.035
3 1.8062 -34.8042 205.346
3 1.99725 -36.4184 207.475
3 2.03841 -37.2912 205.292
1 5.71664 -42.1774 209.724
2 3.11418 -43.5403 208.713
3 4.611 -43.7191 208.722
3 2.30311 -42.4588 207.928
3 2.63175 -43.4631 210.194
3 2.3682 -44.9286 207.969
1 0.834414 -39.4679 214.519
2 3.41591 -37.895 215.446
3 1.88388 -38.0265 215.575
3 4.13477 -39.0114 216.368
3 4.18858 -37.7776 213.958
3 4.15965 -36.4344 216.147
1 3.29223 -40.9227 212.171
1 3.50529 -44.0973 212.028
2 5.34905 -42.4882 213.059
3 7.01059 -42.1968 213.021
3 4.62684 -43.8484 213.822
3 4.7361 -42.4268 211.675
3 4.62687 -41.2921 213.685
1 3.06922 -39.247 209.532
1 3.24623 -37.5914 212.232
2 1.01789 -39.2685 211.441
3 -0.559724 -39.4626 211.301
3 1.51695 -37.877 210.756
3 1.94444 -39.1817 212.884
3 1.88929 -40.4765 210.658
1 5.41936 -45.1628 215.017
2 2.98529 -46.435 214.004
3 4.44044 -46.6458 213.816
3 2.37115 -45.1518 213.192
3 2.08314 -46.4434 215.411
3 2.11218 -47.7466 213.385
1 0.710295 -42.5848 219.667
2 3.48555 -40.9741 220.718
3 1.80722 -41.046 220.895
3 4.14875 -42.281 221.459
3 4.16999 -41.1762 219.309
3 4.02982 -39.6676 221.429
1 3.10873 -43.6247 217.227
1 2.81208 -47.0394 217.243
2 4.93038 -45.2535 218.071
3 6.56888 -45.3853 218.007
3 4.23189 -46.5443 218.824
3 4.28124 -45.2028 216.569
3 4.25181 -44.0535 218.879
1 3.21663 -42.2539 214.717
1 3.55572 -40.46 217.548
2 1.11779 -42.0504 216.432
3 -0.434871 -41.9646 216.318
3 1.83714 -40.8124 215.803
3 1.57786 -42.0159 217.94
3 1.77891 -43.2516 215.679
1 5.31398 -48.0131 220.182
2 2.84512 -49.7725 219.066
3 4.23638 -50.0246 219.071
3 2.09342 -48.5963 218.366
3 1.87831 -49.5737 220.62
3 2.04982 -50.9446 218.333
1 0.491953 -45.5655 224.892
2 3.39709 -43.9135 225.745
3 1.81851 -43.9569 226.004
3 3.79528 -45.3101 226.252
3 4.24079 -43.962 224.268
3 3.94042 -42.6813 226.247
1 2.88889 -47.0551 222.088
1 2.86465 -50.0134 222.517
2 5.19691 -48.478 223.122
3 6.80905 -48.3091 223.242
3 4.6388 -49.8189 223.603
3 4.29712 -48.2779 221.798
3 4.54939 -47.1544 223.971
1 2.84055 -45.1578 220.031
1 3.05752 -43.4698 222.612
2 0.945219 -45.0437 221.637
3 -0.577288 -45.2917 221.423
3 1.73976 -43.8298 220.909
3 1.83522 -45.2585 222.928
3 1.51551 -46.506 220.864
1 5.55668 -50.8231 224.887
2 2.7701 -52.5945 224.464
3 4.16801 -53.0148 224.204
3 2.08035 -51.3972 223.612
3 1.78592 -52.6313 225.999
3 1.95266 -53.9037 223.718
1 2.72703 -47.4821 224.923
1 4.71806 10.3398 135.712
1 5.00455 9.04346 139.601
1 4.86584 7.44038 142.228
1 4.84496 5.91453 144.843
1 5.02243 4.45322 147.838
1 5.10105 2.75554 150.051
1 5.09195 1.13081 152.559
1 5.38117 -1.10903 155.021
1 5.49822 -2.37575 157.613
1 5.61562 -3.84236 160.36
1 5.72413 -5.63937 162.817
1 5.71721 -6.99108 165.481
1 5.74665 -9.06401 168.085
1 5.61438 -10.0224 170.861
1 5.73861 -12.3213 173.142
1 6.16044 -12.9366 176.125
1 6.24885 -14.974 178.39
1 6.14761 -16.4165 181.055
1 6.27892 -17.852 183.742
1 5.78295 -19.7465 185.992
1 6.05702 -21.0132 188.921
1 5.79858 -22.9579 191.74
1 5.58382 -24.2636 194.2
1 5.61885 -25.8208 196.584
1 5.48527 -26.9876 199.233
1 5.99918 -28.5608 201.852
1 6.0345 -30.1541 204.193
1 5.90162 -31.9786 206.823
1 5.86892 -33.3879 209.67
1 5.64155 -35.1804 212.172
1 5.6982 -36.3709 214.804
1 5.55145 -37.6309 217.292
1 5.57459 -39.3031 220.082
1 5.31305 -40.7611 222.513
1 5.41484 -42.3935 225.002
1 0.154491 0.624858 315.673
2 2.92369 2.12855 314.895
3 1.37008 1.97391 314.896
3 3.56777 0.773258 314.141
3 3.68429 2.0768 316.308
3 3.47948 3.30553 314.011
1 4.87752 -5.36482 315.218
2 2.24234 -6.29527 316.547
3 3.8176 -6.47853 316.465
3 1.97355 -4.71522 316.766
3 1.56069 -6.58393 315.069
3 1.60333 -7.37727 317.488
1 0.0580588 -2.3744 310.719
2 2.7483 -0.848547 309.665
3 1.17824 -0.782322 309.683
3 3.43089 -2.04655 308.87
3 3.41218 -0.840628 311.124
3 3.45564 0.438618 308.954
1 2.32184 -3.71634 313.095
1 2.4023 -6.93555 313.295
2 4.46131 -5.26362 312.161
3 6.02023 -5.14245 312.154
3 3.81027 -6.43285 311.312
3 3.74239 -5.34232 313.58
3 3.76238 -3.90713 311.547
1 2.10603 -2.93746 315.923
1 2.47023 -0.473972 312.886
2 0.140206 -2.15485 314.128
3 -1.44287 -2.29519 314.195
3 0.720124 -1.2158 315.308
3 0.863179 -1.88112 312.726
3 0.786011 -3.58093 314.541
1 4.81175 -7.88636 310.277
2 2.14237 -9.42154 311.267
3 3.7023 -9.51971 311.284
3 1.42694 -8.20154 312.017
3 1.42296 -9.51544 309.834
3 1.45528 -10.7018 312.047
1 0.050619 -5.6722 305.387
2 2.71091 -4.0026 304.416
3 1.16971 -3.89141 304.581
3 3.40432 -3.6635 305.83
3 3.4659 -5.29488 303.785
3 3.17808 -2.78351 303.341
1 2.42901 -6.63812 307.86
1 2.37284 -9.82986 308.031
2 4.52389 -8.25734 307.062
3 6.0878 -8.18101 307.025
3 3.82349 -8.20573 308.494
3 3.72547 -9.27319 306.314
3 3.85767 -6.9874 306.328
1 2.39002 -5.15449 310.434
1 2.49263 -3.46065 307.707
2 0.316553 -5.01077 308.658
3 -1.24816 -5.07836 308.679
3 0.988962 -3.81413 309.489
3 1.02487 -5.05043 307.224
3 1.02646 -6.31544 309.36
1 4.81605 -10.9738 304.926
2 2.14412 -12.3606 306.111
3 3.82366 -12.383 306.061
3 1.51431 -11.2493 307.178
3 1.40757 -12.2708 304.723
3 1.31828 -13.6182 306.816
1 0.293019 -8.15214 300.116
2 2.9312 -6.84508 299.26
3 1.31088 -6.67788 299.331
3 3.59788 -6.9128 300.784
3 3.59487 -7.9633 298.383
3 3.86062 -5.41131 298.655
1 2.4172 -9.89526 302.775
1 2.38223 -12.8418 302.848
2 4.60883 -11.4526 301.7
3 6.28183 -11.344 301.687
3 3.90176 -12.6845 301.202
3 3.80287 -11.3076 303.234
3 4.03468 -9.95666 301.057
1 2.31814 -8.26142 305.249
1 2.52826 -6.60671 302.672
2 0.320144 -8.17074 303.263
3 -1.22947 -8.23602 303.413
3 1.13702 -6.96728 304.039
3 0.996564 -8.2571 301.885
3 1.1152 -9.49395 304.059
1 4.95349 -13.9716 300.014
2 2.34381 -15.3274 300.942
3 3.84753 -15.5224 300.942
3 1.45616 -14.1737 301.507
3 1.6091 -15.4193 299.348
3 1.55007 -16.6462 301.669
1 0.228101 -11.398 294.84
2 2.89504 -9.77851 294.078
3 1.32638 -9.71647 294.09
3 3.49771 -11.1059 293.37
3 3.51767 -9.79217 295.515
3 3.64338 -8.57579 293.327
1 2.76756 -12.6361 297.417
1 2.61692 -15.8683 297.733
2 4.85642 -14.3224 296.404
3 6.56074 -14.0896 296.475
3 4.13725 -14.2904 297.867
3 4.45807 -15.7414 295.845
3 4.18738 -13.1092 295.68
1 2.399 -10.9451 299.909
1 2.68726 -9.4532 297.434
2 0.505841 -11.1798 298.075
3 -1.17978 -11.1192 298.122
3 1.07045 -9.86932 298.864
3 1.06506 -11.3861 296.741
3 1.11466 -12.3287 298.87
1 4.89431 -16.8654 294.417
2 2.36619 -18.4474 295.637
3 3.89287 -18.4969 295.606
3 1.93378 -17.1291 296.51
3 1.59922 -18.3269 294.188
3 1.7305 -19.6472 296.418
1 0.34908 -14.4014 289.771
2 2.84289 -12.8387 288.891
3 1.33046 -12.8708 288.878
3 3.56044 -12.7891 290.487
3 3.46224 -14.0496 288.21
3 3.7255 -11.5681 288.03
1 2.53355 -15.3092 292.045
1 2.5854 -18.6814 292.372
2 4.63136 -17.1715 291.251
3 6.33617 -17.098 291.394
3 4.11855 -18.5906 290.592
3 3.86941 -17.1632 292.686
3 4.00983 -15.8896 290.557
1 2.50415 -14.1901 294.766
1 2.5624 -12.4905 292.035
2 0.396461 -13.9423 292.915
3 -1.08983 -13.9769 292.846
3 1.20143 -12.8731 293.663
3 1.20688 -14.1548 291.39
3 1.10263 -15.2687 293.511
1 4.75412 -20.0257 289.387
2 2.31677 -21.492 290.454
3 3.85461 -21.7432 290.575
3 1.5671 -20.2979 291.033
3 1.47884 -21.6629 289.049
3 1.57052 -22.8222 291.183
1 0.247958 -17.4947 284.7
2 3.01291 -16.0972 283.582
3 1.45406 -16.0855 283.594
3 3.67548 -15.8908 284.898
3 3.65437 -17.341 282.74
3 3.66391 -14.8349 282.823
1 2.49926 -18.8093 287.061
1 2.38139 -22.0214 287.155
2 4.61773 -20.3218 286.281
3 6.13256 -20.2 286.323
3 3.75248 -20.4026 287.766
3 3.80831 -21.4905 285.385
3 3.8251 -19.0582 285.616
1 2.40012 -17.2071 289.617
1 2.78693 -15.9305 286.678
2 0.505359 -17.3501 288.038
3 -1.0095 -17.2681 287.87
3 1.12466 -15.9195 288.486
3 1.2342 -17.4602 286.442
3 1.35521 -18.5723 288.63
1 4.86281 -22.9318 284.533
2 2.15461 -24.7252 285.216
3 3.77516 -24.5647 285.393
3 1.65447 -24.7561 283.78
3 1.43905 -23.3327 286.06
3 1.48898 -25.8635 285.774
1 0.178343 -20.7483 279.809
2 3.07963 -19.1307 278.339
3 1.48958 -19.0814 278.232
3 3.71504 -20.3673 277.462
3 3.8865 -19.0621 279.849
3 3.77133 -17.9369 277.493
1 2.59263 -21.521 281.813
1 2.38487 -25.2237 282.072
2 4.51328 -23.8144 281.068
3 6.21892 -23.6924 281.027
3 3.9679 -24.8283 280.008
3 3.99406 -23.7135 282.505
3 3.96524 -22.2871 280.62
1 2.48162 -20.2375 284.815
1 2.79087 -18.6489 281.661
2 0.497364 -20.3472 282.779
3 -1.09284 -20.369 282.751
3 0.927196 -19.0438 283.583
3 1.22272 -20.2051 281.235
3 1.23014 -21.5815 283.507
1 5.02997 -26.2928 278.953
2 2.25404 -27.7865 279.955
3 3.82918 -27.9629 279.906
3 1.55203 -27.7938 278.541
3 1.51348 -26.7059 280.818
3 1.61513 -29.1466 280.667
1 0.752101 -23.4646 274.339
2 3.37381 -22.1389 273.052
3 1.75377 -21.9234 273.139
3 3.86566 -23.2818 272.288
3 4.09039 -22.1941 274.566
3 4.06874 -20.6136 272.518
1 2.75935 -25.0472 276.905
1 2.62458 -27.9589 276.617
2 4.89524 -26.4003 275.507
3 6.45966 -26.1376 275.597
3 4.39109 -27.7905 275.135
3 4.0647 -26.4633 277.165
3 4.19289 -25.0833 274.938
1 2.57705 -23.2539 279.446
1 3.11219 -21.8771 276.197
2 0.497949 -23.3302 277.621
3 -1.06564 -23.3898 277.576
3 1.08746 -21.9962 278.444
3 1.22666 -23.2513 276.265
3 1.20894 -24.6274 278.161
1 5.62843 -28.8271 273.893
2 2.67122 -30.4338 274.86
3 4.23085 -30.8761 275.008
3 2.04708 -30.4439 273.383
3 1.94905 -29.1102 275.32
3 1.88293 -31.7305 275.312
1 0.502544 -26.2168 268.956
2 3.11983 -24.5337 267.832
3 1.5743 -24.5126 267.725
3 3.83773 -24.75 269.297
3 3.85713 -25.9181 267.253
3 3.73248 -23.3262 267.206
1 2.9363 -27.6881 271.631
1 2.79818 -30.8422 271.523
2 5.04313 -29.2386 270.668
3 6.50534 -29.1712 270.692
3 4.30276 -28.9545 272.164
3 4.21692 -30.3237 269.916
3 4.27412 -27.904 269.95
1 3.00938 -26.1655 273.769
1 2.80213 -24.4799 270.905
2 0.74722 -25.9231 272.075
3 -0.717171 -26.1189 272.036
3 1.40812 -25.8073 270.567
3 1.44903 -24.6863 272.884
3 1.47669 -27.096 272.969
1 5.34321 -31.7302 268.638
2 2.60184 -33.2451 269.456
3 4.13803 -33.5018 269.392
3 1.88527 -33.3057 268.023
3 1.79647 -32.073 270.297
3 1.91754 -34.6587 270.242
1 0.458874 -29.4317 263.861
2 3.16227 -27.6074 262.812
3 1.68162 -27.8392 262.665
3 3.95929 -29.0222 262.133
3 3.82107 -27.4861 264.173
3 3.83773 -26.4237 262.095
1 2.94006 -30.5866 266.499
1 2.65691 -33.8534 265.885
2 4.86074 -32.04 265.339
3 6.55187 -32.172 265.23
3 4.1301 -33.4707 264.553
3 4.45335 -31.8913 266.841
3 4.21444 -30.8193 264.621
1 2.75514 -28.8957 268.937
1 2.74492 -27.2928 266.197
2 0.543223 -28.9002 266.873
3 -0.931999 -29.0636 267
3 1.5157 -27.6412 267.713
3 1.32125 -29.027 265.505
3 1.47798 -30.1175 267.738
1 5.01603 -34.9384 263.565
2 2.48647 -36.5768 264.406
3 3.9931 -36.4422 264.496
3 1.61853 -36.6247 262.927
3 1.87928 -35.3994 265.168
3 1.79506 -37.7993 265.099
1 0.527339 -32.6819 258.474
2 3.39777 -31.1717 257.512
3 1.89437 -30.9497 257.661
3 4.03465 -32.4779 256.642
3 4.11984 -31.1474 258.887
3 4.05875 -29.9043 256.773
1 2.95864 -33.8661 260.919
1 2.77346 -36.823 261.115
2 4.96951 -35.3553 260.327
3 6.39811 -35.3652 260.047
3 4.166 -36.5822 259.412
3 4.07524 -35.3263 261.765
3 4.29168 -34.2668 259.342
1 2.93394 -32.2578 263.405
1 3.31979 -30.5585 260.538
2 0.868192 -32.0872 261.796
3 -0.655428 -32.0988 261.777
3 1.4742 -30.9361 262.483
3 1.53817 -32.1683 260.274
3 1.58493 -33.4809 262.443
1 5.38166 -38.1621 258.431
2 2.61876 -39.3331 259.331
3 4.15132 -39.6793 259.342
3 1.89149 -39.451 257.695
3 1.63899 -38.3591 260.238
3 1.8877 -40.7645 259.839
1 0.515709 -35.5304 253.528
2 3.2863 -34.1322 252.29
3 1.75696 -33.8944 252.562
3 3.96113 -34.1506 253.784
3 3.91485 -35.4433 251.619
3 4.18152 -33.0079 251.575
1 3.06608 -37.0182 255.965
1 3.02631 -39.8737 255.899
2 5.16701 -38.759 254.994
3 6.82274 -38.4144 254.95
3 4.56248 -38.6901 256.632
3 4.46701 -39.7071 254.118
3 4.41212 -37.2776 254.569
1 2.90112 -35.5052 258.509
1 2.87334 -34.0083 255.519
2 0.799153 -35.1905 256.622
3 -0.660725 -35.3254 256.646
3 1.56956 -35.308 255.179
3 1.61412 -33.9402 257.432
3 1.47138 -36.6626 257.182
1 5.45945 -41.0564 252.964
2 2.78545 -42.6538 254.081
3 4.30759 -42.689 254.215
3 2.11986 -41.3839 254.888
3 2.12706 -42.6667 252.613
3 1.99541 -43.9314 254.764
1 0.858745 -39.0446 248.155
2 3.51081 -37.0343 247.167
3 1.96479 -36.9958 247.114
3 4.18256 -38.356 246.358
3 4.05563 -37.0494 248.698
3 4.20693 -35.8473 246.529
1 2.90764 -39.9893 250.627
1 3.12045 -43.1894 250.933
2 5.25155 -41.5164 249.91
3 6.75927 -41.5765 249.964
3 4.56096 -42.8173 249.266
3 4.38392 -41.2892 251.144
3 4.59899 -40.4134 248.99
1 3.01533 -37.9926 253.025
1 3.1474 -36.6808 250.458
2 0.857117 -38.2042 251.316
3 -0.645277 -38.4323 251.223
3 1.41214 -36.9918 252.098
3 1.64949 -38.4048 249.967
3 1.4929 -39.5408 252.101
1 5.48294 -44.1574 247.984
2 2.72862 -45.7794 248.73
3 4.34934 -45.9285 248.773
3 2.03623 -44.6656 249.65
3 2.30276 -45.8138 247.265
3 1.93442 -47.0375 249.489
1 0.921695 -41.7989 243.075
2 3.58906 -40.3877 242.135
3 2.08643 -40.2533 241.867
3 4.46162 -41.4793 241.203
3 4.17196 -40.3111 243.508
3 4.25492 -39.0637 241.395
1 3.22545 -42.8827 245.526
1 3.20452 -46.0954 245.556
2 5.37757 -44.3991 244.811
3 6.95401 -44.4892 244.839
3 4.74896 -45.8402 244.136
3 4.79153 -44.4422 246.195
3 4.66134 -43.3267 244.011
1 2.99624 -41.4985 248.186
1 3.20652 -39.8563 245.337
2 1.01616 -41.1503 246.257
3 -0.53747 -41.3786 246.31
3 1.86485 -40.0237 246.884
3 1.67682 -41.4643 244.812
3 1.81692 -42.6193 247.207
1 5.6481 -47.3191 242.462
2 2.89825 -48.976 243.455
3 4.43902 -49.0179 243.753
3 2.12591 -47.7748 244.172
3 2.49192 -48.9986 241.98
3 2.08455 -50.2931 244.306
1 1.3277 -44.9865 237.998
2 3.87909 -43.4593 236.875
3 2.35908 -43.4603 236.945
3 4.57369 -44.7176 236.044
3 4.71434 -43.3716 238.32
3 4.5102 -42.2648 236.115
1 3.51312 -46.061 240.368
1 3.40122 -49.3471 240.305
2 5.40175 -47.61 239.224
3 7.03773 -47.413 239.316
3 4.6806 -48.855 238.684
3 4.80538 -47.8735 240.78
3 4.76972 -46.2162 238.768
1 3.49211 -44.8012 242.918
1 3.5929 -42.7762 239.937
2 1.44692 -44.541 241.415
3 -0.102695 -44.8259 241.417
3 1.98997 -43.3077 242.238
3 2.11188 -44.4426 239.924
3 2.28397 -45.8378 241.92
1 5.79955 -50.0724 237.494
2 2.8255 -51.9791 238.352
3 4.40604 -52.037 238.404
3 2.14363 -50.6001 239.116
3 2.31863 -52.1653 236.905
3 2.26079 -53.2311 239.045
1 1.25415 -48.22 232.604
2 3.80166 -46.6134 231.624
3 2.4263 -46.3705 231.394
3 4.58243 -47.8405 231.077
3 4.55128 -46.2398 233.186
3 4.51722 -45.4664 230.846
1 3.57507 -49.4797 235.24
1 3.4353 -52.6831 235.309
2 5.64728 -51.2152 234.576
3 7.1214 -51.0893 234.4
3 4.92071 -52.274 233.704
3 4.8395 -50.9004 235.837
3 5.03034 -49.8615 233.739
1 3.44279 -47.3927 237.712
1 3.60612 -46.0446 234.685
2 1.36274 -47.4495 235.688
3 -0.173606 -47.5607 235.885
3 1.99033 -46.2298 236.391
3 2.10508 -47.542 234.244
3 1.97903 -48.7222 236.71
1 5.77447 -53.5757 232.602
2 3.14624 -55.166 233.152
3 4.60119 -55.3 233.201
3 2.53583 -53.9831 233.911
3 2.65646 -55.3158 231.703
3 2.41342 -56.3317 234.092
1 0.710436 -51.5192 227.719
2 3.32781 -49.833 226.859
3 1.70955 -49.8425 226.511
3 3.78816 -51.1721 226.248
3 4.35458 -49.773 228.136
3 3.82839 -48.5786 226.077
1 3.62549 -52.4719 230.097
1 3.40283 -55.8396 229.802
2 5.5683 -54.3169 229.281
3 7.17427 -54.3085 229.023
3 5.0224 -55.6477 228.816
3 5.01304 -54.0174 230.886
3 4.7291 -53.0915 228.555
1 3.47291 -51.0742 232.653
1 3.39652 -48.988 229.832
2 1.59228 -50.9871 230.802
3 -0.0300357 -50.9128 231.012
3 2.25595 -49.7069 231.359
3 2.15725 -51.3056 229.283
3 2.40239 -52.2585 231.51
1 5.54689 -56.7868 227.524
2 3.07613 -58.2701 227.423
3 4.42703 -58.5879 227.947
3 2.35488 -57.3285 228.52
3 1.85853 -58.5712 226.403
3 2.14139 -59.8915 228.627
1 3.1489 -53.1869 227.339
1 4.71823 3.68099 317.022
1 5.00451 2.38463 313.134
1 4.86577 0.781748 310.506
1 4.8449 -0.7444 307.892
1 5.24583 -2.10641 305.096
1 4.80924 -3.95525 302.634
1 5.20451 -5.23158 300.135
1 5.19115 -6.01786 297.293
1 4.99024 -8.17419 294.792
1 4.96707 -9.72919 292.182
1 5.028 -11.2939 289.508
1 5.03195 -12.994 286.981
1 4.98639 -14.3782 284.317
1 4.92722 -16.3497 281.884
1 5.13511 -17.6039 279.12
1 5.33465 -19.3574 276.568
1 5.49958 -20.5229 274.161
1 5.33415 -21.8919 271.282
1 5.37154 -23.0286 268.416
1 5.36678 -24.9603 266.095
1 5.0574 -26.0538 263.365
1 5.39978 -28.3833 261.11
1 5.88217 -29.2274 257.961
1 5.55545 -31.0568 255.96
1 5.20812 -32.5618 253.408
1 5.59005 -34.1131 250.529
1 5.46815 -35.5931 248.016
1 5.5532 -37.0723 245.57
1 5.53921 -38.4318 242.732
1 5.62963 -40.0587 240.244
1 5.75388 -41.7914 237.549
1 6.08624 -43.6563 235.32
1 5.83979 -44.9228 232.588
1 5.99254 -46.6566 229.797
1 5.53147 -48.2939 227.161
