1 10.1985 12.866869532252 90.273906030754
1 7.37046 4.18303 1.61674
2 6.05791 1.51879 0.22554
3 6.03649 0.923366 1.72487
3 6.76161 0.572999 -0.909883
3 6.76161 2.98586 0.04833
3 4.55873 1.77663 -0.423715
1 7.37046 2.43023 6.03043
2 9.23984 3.42091 3.53581
3 9.26126 2.82549 5.03514
3 8.53614 2.47512 2.40039
3 8.53614 4.88798 3.3586
3 10.739 3.67875 2.88656
1 2.82804 1.37401 0.590111
2 0.958659 0.383329 3.08473
3 0.937242 0.978754 1.5854
3 1.66236 1.32912 4.22015
3 1.66236 -1.08374 3.26194
3 -0.54052 0.125493 3.73399
1 5.09925 1.90212 3.31027
1 7.92729 0.52811 2.72016
2 6.05791 -0.234005 4.63924
3 6.03649 -0.82943 6.13857
3 6.76161 -1.1798 3.50381
3 6.76161 1.23307 4.46203
3 4.55873 0.0238309 3.98998
1 5.09925 4.68064 4.4137
1 2.27121 3.27613 3.90038
2 4.14059 4.03825 1.98131
3 4.16201 4.63367 0.481976
3 3.43689 2.57117 2.15852
3 3.43689 4.98404 3.11673
3 5.63977 3.78041 2.63056
1 7.37046 0.677434 10.4441
2 9.23984 1.66811 7.94951
3 9.26126 1.07269 9.44884
3 8.53614 0.722323 6.81408
3 8.53614 3.13519 7.7723
3 10.739 1.92595 7.30025
1 2.82804 -0.378786 5.00381
2 0.958659 -1.36947 7.49843
3 0.937242 -0.774042 5.99909
3 1.66236 -0.423675 8.63385
3 1.66236 -2.83654 7.67564
3 -0.54052 -1.6273 8.14768
1 5.09925 0.149324 7.72397
1 7.92729 -1.22469 7.13386
2 6.05791 -1.9868 9.05293
3 6.03649 -2.58223 10.5523
3 6.76161 -2.93259 7.91751
3 6.76161 -0.519728 8.87572
3 4.55873 -1.72897 8.40368
1 5.09925 2.92784 8.82739
1 2.27121 1.52333 8.31408
2 4.14059 2.28545 6.395
3 4.16201 2.88087 4.89567
3 3.43689 0.818376 6.57221
3 3.43689 3.23124 7.53043
3 5.63977 2.02761 7.04426
1 7.37046 -1.07536 14.8578
2 9.23984 -0.0846816 12.3632
3 9.26126 -0.680106 13.8625
3 8.53614 -1.03047 11.2278
3 8.53614 1.38239 12.186
3 10.739 0.173155 11.7139
1 2.82804 -2.13158 9.4175
2 0.958659 -3.12226 11.9121
3 0.937242 -2.52684 10.4128
3 1.66236 -4.58934 12.0893
3 1.66236 -2.17647 13.0475
3 -0.54052 -3.3801 12.5614
1 5.09925 -1.60347 12.1377
1 7.92729 -2.97748 11.5476
2 6.05791 -3.7396 13.4666
3 6.03649 -4.33502 14.966
3 6.76161 -4.68539 12.3312
3 6.76161 -2.27252 13.2894
3 4.55873 -3.48176 12.8174
1 5.09925 1.17505 13.2411
1 2.27121 -0.229463 12.7278
2 4.14059 0.532653 10.8087
3 4.16201 1.12808 9.30937
3 3.43689 -0.93442 10.9859
3 3.43689 1.47845 11.9441
3 5.63977 0.274817 11.458
1 7.37046 -2.82816 19.2715
2 9.23984 -1.83748 16.7769
3 9.26126 -2.4329 18.2762
3 8.53614 -2.78327 15.6415
3 8.53614 -0.370404 16.5997
3 10.739 -1.57964 16.1276
1 2.82804 -3.88438 13.8312
2 0.958659 -4.87506 16.3258
3 0.937242 -4.27963 14.8265
3 1.66236 -3.92927 17.4612
3 1.66236 -6.34213 16.503
3 -0.54052 -5.1329 16.9751
1 5.09925 -3.35627 16.5514
1 7.92729 -4.73028 15.9612
2 6.05791 -5.49239 17.8803
3 6.03649 -6.08782 19.3797
3 6.76161 -6.43819 16.7449
3 6.76161 -4.02532 17.7031
3 4.55873 -5.23456 17.2311
1 5.09925 -0.57775 17.6548
1 2.27121 -1.98226 17.1415
2 4.14059 -1.22014 15.2224
3 4.16201 -0.624718 13.7231
3 3.43689 -2.68722 15.3996
3 3.43689 -0.274351 16.3578
3 5.63977 -1.47798 15.8716
1 7.37046 -4.58095 23.6852
2 9.23984 -3.59027 21.1906
3 9.26126 -4.1857 22.6899
3 8.53614 -2.1232 21.0134
3 8.53614 -4.53607 20.0552
3 10.739 -3.33244 20.5413
1 2.82804 -5.63718 18.2449
2 0.958659 -6.62786 20.7395
3 0.937242 -6.03243 19.2402
3 1.66236 -8.09493 20.9167
3 1.66236 -5.68206 21.8749
3 -0.54052 -6.88569 21.3888
1 5.09925 -5.10906 20.9651
1 7.92729 -6.48307 20.3749
2 6.05791 -7.24519 22.294
3 6.03649 -7.84062 23.7933
3 6.76161 -8.19098 21.1586
3 6.76161 -5.77812 22.1168
3 4.55873 -6.98735 21.6448
1 5.09925 -2.33055 22.0685
1 2.27121 -3.73506 21.5552
2 4.14059 -2.97294 19.6361
3 4.16201 -2.37751 18.1368
3 3.43689 -4.44001 19.8133
3 3.43689 -2.02715 20.7715
3 5.63977 -3.23078 20.2853
1 7.37046 -6.33375 28.0989
2 9.23984 -5.34307 25.6043
3 9.26126 -5.9385 27.1036
3 8.53614 -6.28886 24.4689
3 8.53614 -3.876 25.4271
3 10.739 -5.08523 24.955
1 2.82804 -7.38997 22.6586
2 0.958659 -8.38065 25.1532
3 0.937242 -7.78523 23.6539
3 1.66236 -7.43486 26.2886
3 1.66236 -9.84773 25.3304
3 -0.54052 -8.63849 25.8025
1 5.09925 -6.86186 25.3787
1 7.92729 -8.23587 24.7886
2 6.05791 -8.99799 26.7077
3 6.03649 -9.59341 28.207
3 6.76161 -7.53091 26.5305
3 6.76161 -9.94378 25.5723
3 4.55873 -8.74015 26.0585
1 5.09925 -4.08334 26.4822
1 2.27121 -5.48785 25.9689
2 4.14059 -4.72574 24.0498
3 4.16201 -4.13031 22.5505
3 3.43689 -6.19281 24.227
3 3.43689 -3.77994 25.1852
3 5.63977 -4.98357 24.699
1 7.37046 -8.08655 32.5126
2 9.23984 -7.09587 30.018
3 9.26126 -7.69129 31.5173
3 8.53614 -5.62879 29.8408
3 8.53614 -8.04166 28.8826
3 10.739 -6.83803 29.3687
1 2.82804 -9.14277 27.0723
2 0.958659 -10.1334 29.5669
3 0.937242 -9.53802 28.0676
3 1.66236 -9.18766 30.7023
3 1.66236 -11.6005 29.7441
3 -0.54052 -10.3913 30.2162
1 5.09925 -8.61466 29.7924
1 7.92729 -9.98867 29.2023
2 6.05791 -10.7508 31.1214
3 6.03649 -11.3462 32.6207
3 6.76161 -11.6966 29.986
3 6.76161 -9.28371 30.9442
3 4.55873 -10.4929 30.4722
1 5.09925 -5.83614 30.8959
1 2.27121 -7.24065 30.3826
2 4.14059 -6.47853 28.4635
3 4.16201 -5.88311 26.9641
3 3.43689 -7.94561 28.6407
3 3.43689 -5.53274 29.5989
3 5.63977 -6.73637 29.1127
1 7.37046 -9.83934 36.9263
2 9.23984 -8.84866 34.4317
3 9.26126 -9.44409 35.931
3 8.53614 -9.79445 33.2963
3 8.53614 -7.38159 34.2545
3 10.739 -8.59083 33.7824
1 2.82804 -10.8956 31.486
2 0.958659 -11.8862 33.9806
3 0.937242 -11.2908 32.4813
3 1.66236 -10.9405 35.116
3 1.66236 -13.3533 34.1578
3 -0.54052 -12.1441 34.6299
1 5.09925 -10.3675 34.2061
1 7.92729 -11.7415 33.616
2 6.05791 -12.5036 35.5351
3 6.03649 -13.099 37.0344
3 6.76161 -11.0365 35.3579
3 6.76161 -13.4494 34.3997
3 4.55873 -12.2457 34.8858
1 5.09925 -7.58894 35.3096
1 2.27121 -8.99344 34.7962
2 4.14059 -8.23133 32.8772
3 4.16201 -7.6359 31.3778
3 3.43689 -7.28554 34.0126
3 3.43689 -9.6984 33.0544
3 5.63977 -8.48916 33.5264
1 7.37046 -11.5921 41.34
2 9.23984 -10.6015 38.8454
3 9.26126 -11.1969 40.3447
3 8.53614 -9.13439 38.6682
3 8.53614 -11.5473 37.71
3 10.739 -10.3436 38.1961
1 2.82804 -12.6484 35.8997
2 0.958659 -13.639 38.3943
3 0.937242 -13.0436 36.895
3 1.66236 -12.6932 39.5297
3 1.66236 -15.1061 38.5715
3 -0.54052 -13.8969 39.0435
1 5.09925 -12.1203 38.6198
1 7.92729 -13.4943 38.0297
2 6.05791 -14.2564 39.9488
3 6.03649 -14.8518 41.4481
3 6.76161 -15.2022 38.8134
3 6.76161 -12.7893 39.7716
3 4.55873 -13.9985 39.2995
1 5.09925 -9.34173 39.7233
1 2.27121 -10.7462 39.2099
2 4.14059 -9.98412 37.2909
3 4.16201 -9.3887 35.7915
3 3.43689 -11.4512 37.4681
3 3.43689 -9.03833 38.4263
3 5.63977 -10.242 37.9401
2 9.23984 -12.3543 43.2591
3 9.26126 -12.9497 44.7584
3 8.53614 -10.8872 43.0819
3 8.53614 -13.3 42.1236
3 10.739 -12.0964 42.6098
1 2.82804 -14.4012 40.3134
2 0.958659 -15.3918 42.808
3 0.937242 -14.7964 41.3087
3 1.66236 -14.446 43.9434
3 1.66236 -16.8589 42.9852
3 -0.54052 -15.6497 43.4572
1 5.09925 -13.873 43.0335
1 7.92729 -15.2471 42.4434
1 5.09925 -11.0945 44.137
1 2.27121 -12.499 43.6236
2 4.14059 -11.7369 41.7046
3 4.16201 -11.1415 40.2052
3 3.43689 -13.204 41.8818
3 3.43689 -10.7911 42.84
3 5.63977 -11.9948 42.3538
1 7.37046 9.74006 3.82358
2 9.23984 10.7307 1.32896
3 9.26126 10.1353 2.8283
3 8.53614 9.78495 0.193541
3 8.53614 12.1978 1.15175
3 10.739 10.9886 0.679709
2 0.958659 7.69316 0.877884
3 0.937242 8.28859 -0.621448
3 1.66236 8.63895 2.01331
3 1.66236 6.22609 1.05509
3 -0.54052 7.43533 1.52714
1 5.09925 9.21195 1.10342
1 7.92729 7.83794 0.513313
2 6.05791 7.07583 2.43239
3 6.03649 6.4804 3.93172
3 6.76161 6.13004 1.29696
3 6.76161 8.5429 2.25518
3 4.55873 7.33366 1.78313
1 5.09925 11.9905 2.20685
1 2.27121 10.586 1.69353
1 7.37046 7.98727 8.23728
2 9.23984 8.97795 5.74266
3 9.26126 8.38252 7.24199
3 8.53614 10.445 5.56545
3 8.53614 8.03216 4.60724
3 10.739 9.23578 5.0934
1 2.82804 6.93105 2.79696
2 0.958659 5.94037 5.29158
3 0.937242 6.53579 3.79225
3 1.66236 4.47329 5.46879
3 1.66236 6.88616 6.427
3 -0.54052 5.68253 5.94083
1 5.09925 7.45916 5.51712
1 7.92729 6.08515 4.92701
2 6.05791 5.32303 6.84608
3 6.03649 4.72761 8.34542
3 6.76161 4.37724 5.71066
3 6.76161 6.7901 6.66887
3 4.55873 5.58087 6.19683
1 5.09925 10.2377 6.62054
1 2.27121 8.83317 6.10723
2 4.14059 9.59528 4.18816
3 4.16201 10.1907 2.68882
3 3.43689 10.5411 5.32358
3 3.43689 8.12821 4.36537
3 5.63977 9.33745 4.83741
1 7.37046 6.23447 12.651
2 9.23984 7.22515 10.1564
3 9.26126 6.62973 11.6557
3 8.53614 6.27936 9.02093
3 8.53614 8.69222 9.97914
3 10.739 7.48299 9.5071
1 2.82804 5.17825 7.21065
2 0.958659 4.18757 9.70527
3 0.937242 4.78299 8.20594
3 1.66236 5.13336 10.8407
3 1.66236 2.7205 9.88248
3 -0.54052 3.92973 10.3545
1 5.09925 5.70636 9.93081
1 7.92729 4.33235 9.3407
2 6.05791 3.57023 11.2598
3 6.03649 2.97481 12.7591
3 6.76161 5.03731 11.0826
3 6.76161 2.62444 10.1244
3 4.55873 3.82807 10.6105
1 5.09925 8.48488 11.0342
1 2.27121 7.08037 10.5209
2 4.14059 7.84249 8.60185
3 4.16201 8.43791 7.10252
3 3.43689 6.37541 8.77906
3 3.43689 8.78828 9.73727
3 5.63977 7.58465 9.25111
1 7.37046 4.48167 17.0647
2 9.23984 5.47236 14.57
3 9.26126 4.87693 16.0694
3 8.53614 4.52656 13.4346
3 8.53614 6.93943 14.3928
3 10.739 5.73019 13.9208
1 2.82804 3.42545 11.6243
2 0.958659 2.43477 14.119
3 0.937242 3.0302 12.6196
3 1.66236 3.38057 15.2544
3 1.66236 0.9677 14.2962
3 -0.54052 2.17694 14.7682
1 5.09925 3.95356 14.3445
1 7.92729 2.57955 13.7544
2 6.05791 1.81744 15.6735
3 6.03649 1.22201 17.1728
3 6.76161 0.871647 14.5381
3 6.76161 3.28451 15.4963
3 4.55873 2.07527 15.0242
1 5.09925 6.73208 15.4479
1 2.27121 5.32757 14.9346
2 4.14059 6.08969 13.0155
3 4.16201 6.68511 11.5162
3 3.43689 4.62262 13.1928
3 3.43689 7.03548 14.151
3 5.63977 5.83185 13.6648
1 7.37046 2.72888 21.4784
2 9.23984 3.71956 18.9837
3 9.26126 3.12413 20.4831
3 8.53614 2.77377 17.8483
3 8.53614 5.18663 18.8065
3 10.739 3.9774 18.3345
1 2.82804 1.67266 16.038
2 0.958659 0.681977 18.5327
3 0.937242 1.2774 17.0333
3 1.66236 1.62777 19.6681
3 1.66236 -0.785096 18.7099
3 -0.54052 0.424141 19.1819
1 5.09925 2.20077 18.7582
1 7.92729 0.826758 18.1681
2 6.05791 0.0646423 20.0872
3 6.03649 -0.530783 21.5865
3 6.76161 -0.88115 18.9517
3 6.76161 1.53172 19.91
3 4.55873 0.322479 19.4379
1 5.09925 4.97929 19.8616
1 2.27121 3.57478 19.3483
2 4.14059 4.33689 17.4292
3 4.16201 4.93232 15.9299
3 3.43689 2.86982 17.6065
3 3.43689 5.28269 18.5647
3 5.63977 4.07906 18.0785
1 7.37046 0.976082 25.8921
2 9.23984 1.96676 23.3974
3 9.26126 1.37134 24.8968
3 8.53614 3.43384 23.2202
3 8.53614 1.02097 22.262
3 10.739 2.2246 22.7482
1 2.82804 -0.0801386 20.4517
2 0.958659 -1.07082 22.9464
3 0.937242 -0.475394 21.447
3 1.66236 -0.125027 24.0818
3 1.66236 -2.53789 23.1236
3 -0.54052 -1.32866 23.5956
1 5.09925 0.447972 23.1719
1 7.92729 -0.926038 22.5818
2 6.05791 -1.68815 24.5009
3 6.03649 -2.28358 26.0002
3 6.76161 -2.63395 23.3654
3 6.76161 -0.22108 24.3237
3 4.55873 -1.43032 23.8516
1 5.09925 3.22649 24.2753
1 2.27121 1.82198 23.762
2 4.14059 2.5841 21.8429
3 4.16201 3.17952 20.3436
3 3.43689 1.11702 22.0201
3 3.43689 3.52989 22.9784
3 5.63977 2.32626 22.4922
1 7.37046 -0.776714 30.3058
2 9.23984 0.213966 27.8111
3 9.26126 -0.381459 29.3105
3 8.53614 1.68104 27.6339
3 8.53614 -0.731826 26.6757
3 10.739 0.471803 27.1619
1 2.82804 -1.83293 24.8654
2 0.958659 -2.82362 27.3601
3 0.937242 -2.22819 25.8607
3 1.66236 -1.87782 28.4955
3 1.66236 -4.29069 27.5373
3 -0.54052 -3.08145 28.0093
1 5.09925 -1.30482 27.5856
1 7.92729 -2.67883 26.9955
2 6.05791 -3.44095 28.9146
3 6.03649 -4.03638 30.4139
3 6.76161 -4.38674 27.7791
3 6.76161 -1.97388 28.7373
3 4.55873 -3.18311 28.2653
1 5.09925 1.47369 28.689
1 2.27121 0.0691853 28.1757
2 4.14059 0.831301 26.2566
3 4.16201 1.42673 24.7573
3 3.43689 -0.635772 26.4338
3 3.43689 1.77709 27.3921
3 5.63977 0.573465 26.9059
1 7.37046 -2.52951 34.7195
2 9.23984 -1.53883 32.2248
3 9.26126 -2.13425 33.7242
3 8.53614 -0.0717566 32.0476
3 8.53614 -2.48462 31.0894
3 10.739 -1.28099 31.5756
1 2.82804 -3.58573 29.2791
2 0.958659 -4.57641 31.7738
3 0.937242 -3.98099 30.2744
3 1.66236 -3.63062 32.9092
3 1.66236 -6.04349 31.951
3 -0.54052 -4.83425 32.423
1 5.09925 -3.05762 31.9993
1 7.92729 -4.43163 31.4092
2 6.05791 -5.19375 33.3283
3 6.03649 -5.78917 34.8276
3 6.76161 -6.13954 32.1928
3 6.76161 -3.72667 33.151
3 4.55873 -4.93591 32.679
1 5.09925 -0.279103 33.1027
1 2.27121 -1.68361 32.5894
2 4.14059 -0.921495 30.6703
3 4.16201 -0.32607 29.171
3 3.43689 -2.38857 30.8475
3 3.43689 0.0242966 31.8058
3 5.63977 -1.17933 31.3196
1 7.37046 -4.28231 39.1331
2 9.23984 -3.29163 36.6385
3 9.26126 -3.88705 38.1379
3 8.53614 -1.82455 36.4613
3 8.53614 -4.23742 35.5031
3 10.739 -3.03379 35.9893
1 2.82804 -5.33853 33.6928
2 0.958659 -6.32921 36.1874
3 0.937242 -5.73378 34.6881
3 1.66236 -7.79628 36.3647
3 1.66236 -5.38342 37.3229
3 -0.54052 -6.58704 36.8367
1 5.09925 -4.81042 36.413
1 7.92729 -6.18443 35.8229
2 6.05791 -6.94654 37.7419
3 6.03649 -7.54197 39.2413
3 6.76161 -7.89233 36.6065
3 6.76161 -5.47947 37.5647
3 4.55873 -6.68871 37.0927
1 5.09925 -2.0319 37.5164
1 2.27121 -3.43641 37.0031
2 4.14059 -2.67429 35.084
3 4.16201 -2.07887 33.5847
3 3.43689 -4.14136 35.2612
3 3.43689 -1.7285 36.2194
3 5.63977 -2.93213 35.7333
1 7.37046 -6.0351 43.5468
2 9.23984 -5.04442 41.0522
3 9.26126 -5.63985 42.5516
3 8.53614 -3.57735 40.875
3 8.53614 -5.99021 39.9168
3 10.739 -4.78659 40.403
1 2.82804 -7.09132 38.1065
2 0.958659 -8.082 40.6011
3 0.937242 -7.48658 39.1018
3 1.66236 -9.54908 40.7784
3 1.66236 -7.13621 41.7366
3 -0.54052 -8.33984 41.2504
1 5.09925 -6.56321 40.8267
1 7.92729 -7.93722 40.2366
2 6.05791 -8.69934 42.1556
3 6.03649 -9.29476 43.655
3 6.76161 -9.64513 41.0202
3 6.76161 -7.23227 41.9784
3 4.55873 -8.4415 41.5064
1 5.09925 -3.7847 41.9301
1 2.27121 -5.1892 41.4168
2 4.14059 -4.42709 39.4977
3 4.16201 -3.83166 37.9984
3 3.43689 -5.89416 39.6749
3 3.43689 -3.4813 40.6331
3 5.63977 -4.68492 40.147
1 2.82804 -8.84412 42.5202
2 4.14059 -6.17988 43.9114
3 4.16201 -5.58446 42.4121
3 3.43689 -7.64696 44.0886
3 3.43689 -5.23409 45.0468
3 5.63977 -6.43772 44.5607
1 10.1985 2.77852 1.10342
1 10.1985 1.02572 5.51712
1 10.1985 -0.727074 9.93081
1 10.1985 -2.47987 14.3445
1 10.1985 -4.23267 18.7582
1 10.1985 -5.98546 23.1719
1 10.1985 -7.73826 27.5856
1 10.1985 -9.49106 31.9993
1 10.1985 -11.2439 36.413
1 10.1985 -12.9966 40.8267
1 10.1985 5.55704 2.20685
1 10.1985 8.33555 3.31027
1 10.1985 3.80424 6.62054
1 10.1985 6.58276 7.72397
1 10.1985 2.05144 11.0342
1 10.1985 4.82996 12.1377
1 10.1985 0.298648 15.4479
1 10.1985 3.07717 16.5514
1 10.1985 -1.45415 19.8616
1 10.1985 1.32437 20.9651
1 10.1985 -3.20694 24.2753
1 10.1985 -0.428426 25.3787
1 10.1985 -4.95974 28.689
1 10.1985 -2.18122 29.7924
1 10.1985 -6.71254 33.1027
1 10.1985 -3.93402 34.2061
1 10.1985 -8.46533 37.5164
1 10.1985 -5.68682 38.6198
1 10.1985 -10.2181 41.9301
1 10.1985 -7.43961 43.0335
1 10.1985 11.1141 4.4137
1 10.1985 9.36128 8.82739
1 10.1985 7.60848 13.2411
1 10.1985 5.85568 17.6548
1 10.1985 4.10289 22.0685
1 10.1985 2.35009 26.4822
1 10.1985 0.597296 30.8959
1 10.1985 -1.1555 35.3096
1 10.1985 -2.9083 39.7233
1 10.1985 12.8669 1.5377e-08
1 7.37046 3.78593 87.6572
2 6.05791 1.12169 89.0484
3 6.03649 0.526266 87.549
3 6.76161 0.175899 90.1838
3 6.76161 2.58876 89.2256
3 4.55873 1.37953 89.6976
1 7.37046 2.03313 83.2435
2 9.23984 3.02381 85.7381
3 9.26126 2.42839 84.2388
3 8.53614 2.07802 86.8735
3 8.53614 4.49088 85.9153
3 10.739 3.28165 86.3873
1 2.82804 0.97691 88.6838
2 0.958659 -0.0137706 86.1892
3 0.937242 0.581654 87.6885
3 1.66236 0.932021 85.0538
3 1.66236 -1.48084 86.012
3 -0.54052 -0.271607 85.5399
1 5.09925 1.50502 85.9636
1 7.92729 0.13101 86.5537
2 6.05791 -0.631105 84.6347
3 6.03649 -1.22653 83.1353
3 6.76161 -1.5769 85.7701
3 6.76161 0.835968 84.8119
3 4.55873 -0.373269 85.2839
1 5.09925 4.28354 84.8602
1 2.27121 2.87903 85.3735
2 4.14059 3.64115 87.2926
3 4.16201 4.23657 88.7919
3 3.43689 2.17407 87.1154
3 3.43689 4.58694 86.1572
3 5.63977 3.38331 86.6433
1 7.37046 0.280334 78.8298
2 9.23984 1.27101 81.3244
3 9.26126 0.67559 79.8251
3 8.53614 0.325223 82.4598
3 8.53614 2.73809 81.5016
3 10.739 1.52885 81.9737
1 2.82804 -0.775886 84.2701
2 0.958659 -1.76657 81.7755
3 0.937242 -1.17114 83.2748
3 1.66236 -0.820775 80.6401
3 1.66236 -3.23364 81.5983
3 -0.54052 -2.0244 81.1262
1 5.09925 -0.247776 81.5499
1 7.92729 -1.62179 82.1401
2 6.05791 -2.3839 80.221
3 6.03649 -2.97933 78.7216
3 6.76161 -3.32969 81.3564
3 6.76161 -0.916828 80.3982
3 4.55873 -2.12607 80.8702
1 5.09925 2.53074 80.4465
1 2.27121 1.12623 80.9598
2 4.14059 1.88835 82.8789
3 4.16201 2.48377 84.3782
3 3.43689 0.421276 82.7017
3 3.43689 2.83414 81.7435
3 5.63977 1.63051 82.2296
1 7.37046 -1.47246 74.4161
2 9.23984 -0.481782 76.9107
3 9.26126 -1.07721 75.4114
3 8.53614 -1.42757 78.0461
3 8.53614 0.985292 77.0879
3 10.739 -0.223945 77.56
1 2.82804 -2.52868 79.8564
2 0.958659 -3.51936 77.3618
3 0.937242 -2.92394 78.8611
3 1.66236 -4.98644 77.1846
3 1.66236 -2.57357 76.2264
3 -0.54052 -3.7772 76.7125
1 5.09925 -2.00057 77.1362
1 7.92729 -3.37458 77.7264
2 6.05791 -4.1367 75.8073
3 6.03649 -4.73212 74.3079
3 6.76161 -5.08249 76.9427
3 6.76161 -2.66962 75.9845
3 4.55873 -3.87886 76.4565
1 5.09925 0.777946 76.0328
1 2.27121 -0.626563 76.5461
2 4.14059 0.135553 78.4652
3 4.16201 0.730978 79.9645
3 3.43689 -1.33152 78.288
3 3.43689 1.08135 77.3298
3 5.63977 -0.122283 77.816
1 7.37046 -3.22526 70.0024
2 9.23984 -2.23458 72.497
3 9.26126 -2.83 70.9977
3 8.53614 -3.18037 73.6324
3 8.53614 -0.767504 72.6742
3 10.739 -1.97674 73.1463
1 2.82804 -4.28148 75.4427
2 0.958659 -5.27216 72.9481
3 0.937242 -4.67673 74.4474
3 1.66236 -4.32637 71.8127
3 1.66236 -6.73923 72.7709
3 -0.54052 -5.53 72.2988
1 5.09925 -3.75337 72.7225
1 7.92729 -5.12738 73.3127
2 6.05791 -5.88949 71.3936
3 6.03649 -6.48492 69.8943
3 6.76161 -6.83529 72.529
3 6.76161 -4.42242 71.5708
3 4.55873 -5.63166 72.0428
1 5.09925 -0.97485 71.6191
1 2.27121 -2.37936 72.1324
2 4.14059 -1.61724 74.0515
3 4.16201 -1.02182 75.5508
3 3.43689 -3.08432 73.8743
3 3.43689 -0.671451 72.9161
3 5.63977 -1.87508 73.4023
1 7.37046 -4.97805 65.5887
2 9.23984 -3.98737 68.0833
3 9.26126 -4.5828 66.584
3 8.53614 -2.5203 68.2605
3 8.53614 -4.93317 69.2187
3 10.739 -3.72954 68.7326
1 2.82804 -6.03428 71.029
2 0.958659 -7.02496 68.5344
3 0.937242 -6.42953 70.0337
3 1.66236 -8.49203 68.3572
3 1.66236 -6.07916 67.399
3 -0.54052 -7.28279 67.8851
1 5.09925 -5.50616 68.3089
1 7.92729 -6.88017 68.899
2 6.05791 -7.64229 66.9799
3 6.03649 -8.23772 65.4806
3 6.76161 -8.58808 68.1153
3 6.76161 -6.17522 67.1571
3 4.55873 -7.38445 67.6291
1 5.09925 -2.72765 67.2054
1 2.27121 -4.13216 67.7187
2 4.14059 -3.37004 69.6378
3 4.16201 -2.77461 71.1371
3 3.43689 -4.83711 69.4606
3 3.43689 -2.42425 68.5024
3 5.63977 -3.62788 68.9886
1 7.37046 -6.73085 61.175
2 9.23984 -5.74017 63.6696
3 9.26126 -6.3356 62.1703
3 8.53614 -6.68596 64.805
3 8.53614 -4.2731 63.8468
3 10.739 -5.48233 64.3189
1 2.82804 -7.78707 66.6153
2 0.958659 -8.77775 64.1207
3 0.937242 -8.18233 65.62
3 1.66236 -7.83196 62.9853
3 1.66236 -10.2448 63.9435
3 -0.54052 -9.03559 63.4714
1 5.09925 -7.25896 63.8952
1 7.92729 -8.63297 64.4853
2 6.05791 -9.39509 62.5662
3 6.03649 -9.99051 61.0669
3 6.76161 -7.92801 62.7434
3 6.76161 -10.3409 63.7016
3 4.55873 -9.13725 63.2154
1 5.09925 -4.48044 62.7917
1 2.27121 -5.88495 63.305
2 4.14059 -5.12284 65.2241
3 4.16201 -4.52741 66.7235
3 3.43689 -6.58991 65.0469
3 3.43689 -4.17704 64.0887
3 5.63977 -5.38067 64.5749
1 7.37046 -8.48365 56.7613
2 9.23984 -7.49297 59.2559
3 9.26126 -8.08839 57.7566
3 8.53614 -6.02589 59.4331
3 8.53614 -8.43876 60.3913
3 10.739 -7.23513 59.9052
1 2.82804 -9.53987 62.2016
2 0.958659 -10.5305 59.707
3 0.937242 -9.93512 61.2063
3 1.66236 -9.58476 58.5716
3 1.66236 -11.9976 59.5298
3 -0.54052 -10.7884 59.0577
1 5.09925 -9.01176 59.4815
1 7.92729 -10.3858 60.0716
2 6.05791 -11.1479 58.1525
3 6.03649 -11.7433 56.6532
3 6.76161 -12.0937 59.2879
3 6.76161 -9.68081 58.3297
3 4.55873 -10.89 58.8018
1 5.09925 -6.23324 58.378
1 2.27121 -7.63775 58.8914
2 4.14059 -6.87563 60.8104
3 4.16201 -6.28021 62.3098
3 3.43689 -8.34271 60.6332
3 3.43689 -5.92984 59.675
3 5.63977 -7.13347 60.1612
1 7.37046 -10.2364 52.3476
2 9.23984 -9.24576 54.8422
3 9.26126 -9.84119 53.3429
3 8.53614 -10.1916 55.9777
3 8.53614 -7.77869 55.0194
3 10.739 -8.98793 55.4915
1 2.82804 -11.2927 57.7879
2 0.958659 -12.2833 55.2933
3 0.937242 -11.6879 56.7926
3 1.66236 -11.3376 54.1579
3 1.66236 -13.7504 55.1161
3 -0.54052 -12.5412 54.6441
1 5.09925 -10.7646 55.0678
1 7.92729 -12.1386 55.6579
2 6.05791 -12.9007 53.7388
3 6.03649 -13.4961 52.2395
3 6.76161 -11.4336 53.916
3 6.76161 -13.8465 54.8742
3 4.55873 -12.6428 54.3881
1 5.09925 -7.98604 53.9643
1 2.27121 -9.39054 54.4777
2 4.14059 -8.62843 56.3967
3 4.16201 -8.033 57.8961
3 3.43689 -7.68264 55.2613
3 3.43689 -10.0955 56.2195
3 5.63977 -8.88626 55.7475
1 7.37046 -11.9892 47.9339
2 9.23984 -10.9986 50.4285
3 9.26126 -11.594 48.9292
3 8.53614 -9.53149 50.6057
3 8.53614 -11.9444 51.564
3 10.739 -10.7407 51.0778
1 2.82804 -13.0455 53.3742
2 0.958659 -14.0361 50.8796
3 0.937242 -13.4407 52.3789
3 1.66236 -13.0903 49.7442
3 1.66236 -15.5032 50.7024
3 -0.54052 -14.294 50.2304
1 5.09925 -12.5174 50.6541
1 7.92729 -13.8914 51.2442
2 6.05791 -14.6535 49.3251
3 6.03649 -15.2489 47.8258
3 6.76161 -15.5993 50.4605
3 6.76161 -13.1864 49.5023
3 4.55873 -14.3956 49.9744
1 5.09925 -9.73883 49.5506
1 2.27121 -11.1433 50.064
2 4.14059 -10.3812 51.983
3 4.16201 -9.7858 53.4824
3 3.43689 -11.8483 51.8058
3 3.43689 -9.43543 50.8476
3 5.63977 -10.6391 51.3338
2 9.23984 -12.7514 46.0148
3 9.26126 -13.3468 44.5155
3 8.53614 -11.2843 46.192
3 8.53614 -13.6971 47.1503
3 10.739 -12.4935 46.6641
1 2.82804 -14.7983 48.9605
2 0.958659 -15.7889 46.4659
3 0.937242 -15.1935 47.9652
3 1.66236 -14.8431 45.3305
3 1.66236 -17.256 46.2887
3 -0.54052 -16.0468 45.8167
1 5.09925 -14.2701 46.2404
1 7.92729 -15.6442 46.8305
1 5.09925 -11.4916 45.137
1 2.27121 -12.8961 45.6503
2 4.14059 -12.134 47.5693
3 4.16201 -11.5386 49.0687
3 3.43689 -13.6011 47.3921
3 3.43689 -11.1882 46.4339
3 5.63977 -12.3919 46.9201
1 7.37046 9.34296 85.4503
2 9.23984 10.3336 87.9449
3 9.26126 9.73822 86.4456
3 8.53614 9.38785 89.0804
3 8.53614 11.8007 88.1222
3 10.739 10.5915 88.5942
2 0.958659 7.29606 88.396
3 0.937242 7.89149 89.8954
3 1.66236 8.24185 87.2606
3 1.66236 5.82899 88.2188
3 -0.54052 7.03823 87.7468
1 5.09925 8.81485 88.1705
1 7.92729 7.44084 88.7606
2 6.05791 6.67873 86.8415
3 6.03649 6.0833 85.3422
3 6.76161 5.73294 87.9769
3 6.76161 8.1458 87.0187
3 4.55873 6.93656 87.4908
1 5.09925 11.5934 87.0671
1 2.27121 10.1889 87.5804
1 7.37046 7.59017 81.0366
2 9.23984 8.58085 83.5312
3 9.26126 7.98542 82.0319
3 8.53614 10.0479 83.7085
3 8.53614 7.63506 84.6667
3 10.739 8.83868 84.1805
1 2.82804 6.53395 86.4769
2 0.958659 5.54327 83.9823
3 0.937242 6.13869 85.4817
3 1.66236 4.07619 83.8051
3 1.66236 6.48906 82.8469
3 -0.54052 5.28543 83.3331
1 5.09925 7.06206 83.7568
1 7.92729 5.68805 84.3469
2 6.05791 4.92593 82.4278
3 6.03649 4.33051 80.9285
3 6.76161 3.98014 83.5632
3 6.76161 6.393 82.605
3 4.55873 5.18377 83.0771
1 5.09925 9.84058 82.6534
1 2.27121 8.43607 83.1667
2 4.14059 9.19818 85.0858
3 4.16201 9.79361 86.5851
3 3.43689 10.144 83.9503
3 3.43689 7.73111 84.9085
3 5.63977 8.94035 84.4365
1 7.37046 5.83737 76.6229
2 9.23984 6.82805 79.1176
3 9.26126 6.23263 77.6182
3 8.53614 5.88226 80.253
3 8.53614 8.29512 79.2948
3 10.739 7.08589 79.7668
1 2.82804 4.78115 82.0633
2 0.958659 3.79047 79.5686
3 0.937242 4.38589 81.068
3 1.66236 4.73626 78.4332
3 1.66236 2.3234 79.3914
3 -0.54052 3.53263 78.9194
1 5.09925 5.30926 79.3431
1 7.92729 3.93525 79.9332
2 6.05791 3.17313 78.0141
3 6.03649 2.57771 76.5148
3 6.76161 4.64021 78.1913
3 6.76161 2.22734 79.1496
3 4.55873 3.43097 78.6634
1 5.09925 8.08778 78.2397
1 2.27121 6.68327 78.753
2 4.14059 7.44539 80.6721
3 4.16201 8.04081 82.1714
3 3.43689 5.97831 80.4948
3 3.43689 8.39118 79.5366
3 5.63977 7.18755 80.0228
1 7.37046 4.08457 72.2092
2 9.23984 5.07526 74.7039
3 9.26126 4.47983 73.2045
3 8.53614 4.12946 75.8393
3 8.53614 6.54233 74.8811
3 10.739 5.33309 75.3531
1 2.82804 3.02835 77.6496
2 0.958659 2.03767 75.1549
3 0.937242 2.6331 76.6543
3 1.66236 2.98347 74.0195
3 1.66236 0.5706 74.9777
3 -0.54052 1.77984 74.5057
1 5.09925 3.55646 74.9294
1 7.92729 2.18245 75.5195
2 6.05791 1.42034 73.6004
3 6.03649 0.824914 72.1011
3 6.76161 0.474547 74.7359
3 6.76161 2.88741 73.7776
3 4.55873 1.67817 74.2497
1 5.09925 6.33498 73.826
1 2.27121 4.93047 74.3393
2 4.14059 5.69259 76.2584
3 4.16201 6.28801 77.7577
3 3.43689 4.22552 76.0812
3 3.43689 6.63838 75.1229
3 5.63977 5.43475 75.6091
1 7.37046 2.33178 67.7955
2 9.23984 3.32246 70.2902
3 9.26126 2.72703 68.7908
3 8.53614 2.37667 71.4256
3 8.53614 4.78953 70.4674
3 10.739 3.5803 70.9394
1 2.82804 1.27556 73.2359
2 0.958659 0.284877 70.7412
3 0.937242 0.880302 72.2406
3 1.66236 1.23067 69.6058
3 1.66236 -1.1822 70.564
3 -0.54052 0.0270408 70.092
1 5.09925 1.80367 70.5157
1 7.92729 0.429658 71.1058
2 6.05791 -0.332458 69.1867
3 6.03649 -0.927883 67.6874
3 6.76161 -1.27825 70.3222
3 6.76161 1.13462 69.3639
3 4.55873 -0.0746213 69.836
1 5.09925 4.58219 69.4123
1 2.27121 3.17768 69.9256
2 4.14059 3.93979 71.8447
3 4.16201 4.53522 73.344
3 3.43689 2.47272 71.6675
3 3.43689 4.88559 70.7092
3 5.63977 3.68196 71.1954
1 7.37046 0.578982 63.3818
2 9.23984 1.56966 65.8765
3 9.26126 0.974238 64.3771
3 8.53614 3.03674 66.0537
3 8.53614 0.623871 67.0119
3 10.739 1.8275 66.5257
1 2.82804 -0.477239 68.8222
2 0.958659 -1.46792 66.3275
3 0.937242 -0.872494 67.8269
3 1.66236 -0.522127 65.1921
3 1.66236 -2.93499 66.1503
3 -0.54052 -1.72576 65.6783
1 5.09925 0.0508717 66.102
1 7.92729 -1.32314 66.6921
2 6.05791 -2.08525 64.773
3 6.03649 -2.68068 63.2737
3 6.76161 -3.03105 65.9085
3 6.76161 -0.61818 64.9503
3 4.55873 -1.82742 65.4223
1 5.09925 2.82939 64.9986
1 2.27121 1.42488 65.5119
2 4.14059 2.187 67.431
3 4.16201 2.78242 68.9303
3 3.43689 0.719924 67.2538
3 3.43689 3.13279 66.2955
3 5.63977 1.92916 66.7817
1 7.37046 -1.17381 58.9681
2 9.23984 -0.183134 61.4628
3 9.26126 -0.778559 59.9634
3 8.53614 1.28394 61.64
3 8.53614 -1.12893 62.5982
3 10.739 0.0747026 62.112
1 2.82804 -2.23003 64.4085
2 0.958659 -3.22072 61.9139
3 0.937242 -2.62529 63.4132
3 1.66236 -2.27492 60.7784
3 1.66236 -4.68779 61.7366
3 -0.54052 -3.47855 61.2646
1 5.09925 -1.70192 61.6883
1 7.92729 -3.07593 62.2784
2 6.05791 -3.83805 60.3593
3 6.03649 -4.43348 58.86
3 6.76161 -4.78384 61.4948
3 6.76161 -2.37098 60.5366
3 4.55873 -3.58021 61.0086
1 5.09925 1.07659 60.5849
1 2.27121 -0.327915 61.0982
2 4.14059 0.434201 63.0173
3 4.16201 1.02963 64.5166
3 3.43689 -1.03287 62.8401
3 3.43689 1.37999 61.8819
3 5.63977 0.176365 62.368
1 7.37046 -2.92661 54.5545
2 9.23984 -1.93593 57.0491
3 9.26126 -2.53135 55.5497
3 8.53614 -0.468857 57.2263
3 8.53614 -2.88172 58.1845
3 10.739 -1.67809 57.6983
1 2.82804 -3.98283 59.9948
2 0.958659 -4.97351 57.5002
3 0.937242 -4.37809 58.9995
3 1.66236 -4.02772 56.3647
3 1.66236 -6.44059 57.3229
3 -0.54052 -5.23135 56.8509
1 5.09925 -3.45472 57.2746
1 7.92729 -4.82873 57.8647
2 6.05791 -5.59085 55.9457
3 6.03649 -6.18627 54.4463
3 6.76161 -6.53664 57.0811
3 6.76161 -4.12377 56.1229
3 4.55873 -5.33301 56.5949
1 5.09925 -0.676203 56.1712
1 2.27121 -2.08071 56.6845
2 4.14059 -1.3186 58.6036
3 4.16201 -0.72317 60.1029
3 3.43689 -2.78567 58.4264
3 3.43689 -0.372803 57.4682
3 5.63977 -1.57643 57.9543
1 7.37046 -4.67941 50.1408
2 9.23984 -3.68873 52.6354
3 9.26126 -4.28415 51.136
3 8.53614 -2.22165 52.8126
3 8.53614 -4.63452 53.7708
3 10.739 -3.43089 53.2846
1 2.82804 -5.73563 55.5811
2 0.958659 -6.72631 53.0865
3 0.937242 -6.13088 54.5858
3 1.66236 -8.19338 52.9092
3 1.66236 -5.78052 51.951
3 -0.54052 -6.98414 52.4372
1 5.09925 -5.20752 52.8609
1 7.92729 -6.58153 53.451
2 6.05791 -7.34364 51.532
3 6.03649 -7.93907 50.0326
3 6.76161 -8.28943 52.6674
3 6.76161 -5.87657 51.7092
3 4.55873 -7.08581 52.1812
1 5.09925 -2.429 51.7575
1 2.27121 -3.83351 52.2708
2 4.14059 -3.07139 54.1899
3 4.16201 -2.47597 55.6892
3 3.43689 -4.53846 54.0127
3 3.43689 -2.1256 53.0545
3 5.63977 -3.32923 53.5406
1 7.37046 -6.4322 45.7271
2 9.23984 -5.44152 48.2217
3 9.26126 -6.03695 46.7224
3 8.53614 -3.97445 48.3989
3 8.53614 -6.38731 49.3571
3 10.739 -5.18369 48.8709
1 2.82804 -7.48842 51.1674
2 0.958659 -8.4791 48.6728
3 0.937242 -7.88368 50.1721
3 1.66236 -9.94618 48.4956
3 1.66236 -7.53331 47.5373
3 -0.54052 -8.73694 48.0235
1 5.09925 -6.96031 48.4472
1 7.92729 -8.33432 49.0373
2 6.05791 -9.09644 47.1183
3 6.03649 -9.69186 45.6189
3 6.76161 -10.0422 48.2537
3 6.76161 -7.62937 47.2955
3 4.55873 -8.8386 47.7675
1 5.09925 -4.1818 47.3438
1 2.27121 -5.5863 47.8571
2 4.14059 -4.82419 49.7762
3 4.16201 -4.22876 51.2755
3 3.43689 -6.29126 49.599
3 3.43689 -3.8784 48.6408
3 5.63977 -5.08202 49.1269
1 2.82804 -9.24122 46.7537
2 4.14059 -6.57698 45.3625
3 4.16201 -5.98156 46.8618
3 3.43689 -8.04406 45.1853
3 3.43689 -5.63119 44.2271
3 5.63977 -6.83482 44.7132
1 10.1985 2.38142 88.1705
1 10.1985 0.628622 83.7568
1 10.1985 -1.12417 79.3431
1 10.1985 -2.87697 74.9294
1 10.1985 -4.62977 70.5157
1 10.1985 -6.38256 66.102
1 10.1985 -8.13536 61.6883
1 10.1985 -9.88816 57.2746
1 10.1985 -11.641 52.8609
1 10.1985 -13.3937 48.4472
1 10.1985 5.15994 87.0671
1 10.1985 7.93845 85.9636
1 10.1985 3.40714 82.6534
1 10.1985 6.18566 81.5499
1 10.1985 1.65434 78.2397
1 10.1985 4.43286 77.1362
1 10.1985 -0.0984522 73.826
1 10.1985 2.68007 72.7225
1 10.1985 -1.85125 69.4123
1 10.1985 0.92727 68.3089
1 10.1985 -3.60404 64.9986
1 10.1985 -0.825526 63.8952
1 10.1985 -5.35684 60.5849
1 10.1985 -2.57832 59.4815
1 10.1985 -7.10964 56.1712
1 10.1985 -4.33112 55.0678
1 10.1985 -8.86243 51.7575
1 10.1985 -6.08392 50.6541
1 10.1985 -10.6152 47.3438
1 10.1985 -7.83671 46.2404
1 10.1985 10.717 84.8602
1 10.1985 8.96418 80.4465
1 10.1985 7.21138 76.0328
1 10.1985 5.45858 71.6191
1 10.1985 3.70579 67.2054
1 10.1985 1.95299 62.7917
1 10.1985 0.200196 58.378
1 10.1985 -1.5526 53.9643
1 10.1985 -3.3054 49.5506
1 10.1985 12.4698 89.2739
