Steinhardt parameters for Forsterite defect:
DISLOC_T1 
L_SPH 20
RCUT 5
Mg 1 S1 6.32027 1.03052 2.79402 2.31313 5.98305 3.81982 4.21844 3.26379 3.59495 2.73405 5.28813 2.45809 3.00631 1.67992 2.67818 1.82481 1.47093 0.470293 0.533964 2.7507 6.55607 2.7507 0.533964 0.470293 1.47093 1.82481 2.67818 1.67992 3.00631 2.45809 5.28813 2.73405 3.59495 3.26379 4.21844 3.81982 5.98305 2.31313 2.79402 1.03052 2.32027 
Mg 1 S2 9.14104 1.17823e-15 2.14012 1.90815e-15 4.92215 1.0098e-15 1.53188 3.56834e-15 1.76626 3.37511e-15 2.85519 3.33035e-15 1.21649 2.85637e-15 0.835875 4.3441e-15 4.90617 6.34284e-15 1.82905 4.97196e-15 5.82713 4.97196e-15 1.82905 6.34284e-15 4.90617 4.3441e-15 0.835875 2.85637e-15 1.21649 3.33035e-15 2.85519 3.37511e-15 1.76626 3.56834e-15 1.53188 1.0098e-15 4.92215 1.90815e-15 2.14012 1.17823e-15 2.14104 
Si 2 S1 0.96334 1.2274e-15 0.332983 2.00276e-15 3.2523 1.78492e-15 3.37424 2.26577e-15 2.91476 4.00946e-15 3.57285 5.16229e-15 2.19772 6.01051e-15 2.15106 5.10847e-15 2.66613 1.07126e-14 2.45481 4.72423e-15 3.94228 4.72423e-15 2.45481 1.07126e-14 2.66613 5.10847e-15 2.15106 6.01051e-15 2.19772 5.16229e-15 3.57285 4.00946e-15 2.91476 2.26577e-15 3.37424 1.78492e-15 3.2523 2.00276e-15 0.332983 1.2274e-15 2.96334 
O 3 S1 3.94633 1.05313e-15 1.94259 1.96376e-15 2.58798 5.45751e-15 1.15684 3.29081e-15 1.29199 2.39087e-15 5.63653 3.89669e-15 1.58386 8.13184e-15 4.07391 1.05038e-14 0.82811 4.7194e-15 2.18663 3.7746e-15 3.14137 3.7746e-15 2.18663 4.7194e-15 0.82811 1.05038e-14 4.07391 8.13184e-15 1.58386 3.89669e-15 5.63653 2.39087e-15 1.29199 3.29081e-15 1.15684 5.45751e-15 2.58798 1.96376e-15 1.94259 1.05313e-15 2.94633 
O 3 S2 1.30487 7.36111e-16 2.08113 1.25917e-15 4.05867 2.41484e-15 1.38887 3.2772e-15 4.2717 5.66699e-15 3.39445 6.03992e-15 0.98058 9.6894e-15 2.8263 7.15001e-15 3.45965 5.11821e-15 1.0915 3.50031e-15 2.45614 3.50031e-15 1.0915 5.11821e-15 3.45965 7.15001e-15 2.8263 9.6894e-15 0.98058 6.03992e-15 3.39445 5.66699e-15 4.2717 3.2772e-15 1.38887 2.41484e-15 4.05867 1.25917e-15 2.08113 7.36111e-16 1.30487 
O 3 S3 3.85985 1.07809 1.77809 0.552442 2.71311 2.16121 0.123827 1.64811 1.42378 2.87535 4.86538 0.477167 1.75319 1.61171 1.84813 0.364917 0.368527 0.816325 0.86441 1.62281 4.31389 1.62281 0.86441 0.816325 0.368527 0.364917 1.84813 1.61171 1.75319 0.477167 4.86538 2.87535 1.42378 1.64811 0.123827 2.16121 2.71311 0.552442 1.77809 1.07809 3.85985 
