Steinhardt parameters for Forsterite perfect crystal computed using
L_SPH 20
RCUT 7.5
NB_REF 6
Mg 1 1 1 1.36381e-16 0.0275714 3.8648e-17 0.0581726 8.19821e-17 0.0556961 9.51765e-17 0.0785183 1.49112e-16 0.0834081 1.72943e-16 0.0745333 1.77638e-16 0.0784914 2.11366e-16 0.109842 2.56054e-16 0.111625 3.60621e-16 0.134308 0.730257
Mg 1 2 1 0.00811564 0.0153473 0.0151385 0.0472191 0.015914 0.0337501 0.0417486 0.0514426 0.0509566 0.0534996 0.0727094 0.0666277 0.0860675 0.0880216 0.0725766 0.0767823 0.0615958 0.0991449 0.0736944 0.109174 0.833264
Si 2 1 1 0.012285 0.0235261 0.00980313 0.0311891 0.0322533 0.0348234 0.0323978 0.0325649 0.0550431 0.0576835 0.0490034 0.0868889 0.074321 0.0641652 0.11522 0.0648389 0.0551956 0.0911666 0.0567865 0.0722085 0.675661
O 3 1 1 0.0330008 0.0381801 0.0121505 0.0051194 0.0296539 0.0340631 0.0287619 0.0834572 0.0451688 0.0563617 0.0289703 0.0849883 0.0819199 0.0818424 0.0890858 0.0671715 0.047706 0.0694651 0.053942 0.0730178 0.775652
O 3 2 1 0.0311988 0.0291338 0.0241857 0.0163613 0.0183538 0.0262597 0.0412621 0.0474914 0.0569566 0.0536258 0.040102 0.0627445 0.064107 0.0968295 0.118597 0.0732674 0.0775537 0.0534594 0.0738749 0.0688104 0.670473
O 3 3 1 0.0230172 0.0255933 0.0225134 0.0190885 0.0328724 0.0314942 0.0516955 0.0709266 0.0521688 0.0401534 0.0552078 0.0460567 0.0642708 0.100958 0.0957504 0.0762576 0.0731829 0.058934 0.0646435 0.0838443 0.582883
