NUMBER_OF_DIMENSION 12
ATOM_TYPE Al
NUMBER_OF_CLUSTER 1
WEIGHT 0.25998679432155825
DETERMINANT 5.42797846647411e-65
ESPERANCE 0.0035543083792857143 0.048338808174603176 0.0036138816365873026 0.008382872435714289 0.005913307103968254 0.030167829595238088 0.004191465980952381 0.050949296436507946 0.007267165634920636 0.07903213289682544 0.009365645551587304 0.09616138587301586
INVERSE OF COVARIANT MATRIX
288619.72918442625 5580.865722213076 -8403.155524897178 -7412.24434259033 10792.881007618987 17913.07599203453 -28930.777811442138 2357.183686187943 2925.002038545112 2154.381461296463 -13512.908579713088 5990.63397606748 
5580.865722213394 257587.38528738407 11006.346411924127 -25535.25957090686 2738.9598788248363 -58043.829245771136 26766.868680236355 -58141.50228710958 -3349.360484202533 -86142.79772276753 14173.124207296609 -85294.03857903447 
-8403.155524897104 11006.346411924009 555289.4594187642 11816.286952642804 -8573.339867211458 3650.669217757153 -30405.28604498858 11185.025173406657 -12987.423317063514 3201.5267168640435 -42118.78321884106 4145.965411782954 
-7412.244342590355 -25535.259570907005 11816.286952642788 333376.7720238832 -1431.6629779494922 51465.071597955866 33969.175170511786 -43760.27065628325 -4218.198269163181 -7651.441390972073 12356.937687449636 39856.82838415412 
10792.881007618973 2738.9598788248345 -8573.339867211458 -1431.6629779494956 471666.3470148685 -12954.868160923856 -33395.37045937172 30424.050683402485 -34859.56338644723 7648.388454429418 -41114.413415338546 -2513.2673084111507 
17913.075992034686 -58043.829245770416 3650.669217757109 51465.0715979556 -12954.868160923808 374017.30788555427 1070.8215681898816 86441.08898313754 6974.389489209734 -65542.12025428271 -174.48712380999208 -65790.94899114294 
-28930.777811442007 26766.868680236556 -30405.286044988537 33969.175170511735 -33395.37045937169 1070.821568189802 577604.6864536459 -1916.3287393823912 -18968.126639997856 18901.745160522903 -59403.2415930591 6814.632780587823 
2357.1836861879165 -58141.50228710932 11185.025173406628 -43760.27065628336 30424.050683402493 86441.08898313763 -1916.3287393823728 144326.33882128814 -2418.617678319153 -2993.7996562769845 15046.101343483739 -5908.125733521449 
2925.002038545006 -3349.360484202687 -12987.423317063536 -4218.198269163156 -34859.56338644725 6974.389489209695 -18968.12663999777 -2418.6176783191318 423686.2064785703 4209.470599110864 -86481.59580046141 22929.322496677778 
2154.381461296723 -86142.7977227674 3201.526716864087 -7651.44139097233 7648.388454429502 -65542.12025428332 18901.745160522794 -2993.7996562770995 4209.470599110742 266308.9659388738 10248.507494845799 -98612.03519486093 
-13512.90857971303 14173.124207296822 -42118.78321884105 12356.937687449612 -41114.41341533856 -174.48712380999453 -59403.241593059145 15046.101343483671 -86481.5958004614 10248.507494845786 290875.70049017406 3104.6600832776353 
5990.63397606735 -85294.038579035 4145.965411782855 39856.82838415431 -2513.267308411227 -65790.948991142 6814.632780588003 -5908.1257335211285 22929.322496677727 -98612.03519486102 3104.660083277781 169056.3605262819 
ATOM_TYPE O
NUMBER_OF_CLUSTER 2
WEIGHT 0.16350580722627253
DETERMINANT 4.219936786058465e-66
ESPERANCE 0.002530242397026696 0.05338588207241522 0.002518270252547278 0.007273401651228455 0.005733713816882766 0.03451958460917345 0.005658172917594505 0.04911549479066583 0.007390489209748134 0.08416038845292556 0.014193925309466697 0.10261551624643672
INVERSE OF COVARIANT MATRIX
466851.07279427996 15619.112863260927 -15180.786146943772 4892.004409124391 -7282.457293613885 17757.346516018864 -8204.580750200665 4305.456915443361 212.3566990229832 13814.964234079878 -2197.4009247640424 10007.302594739975 
15619.112863261022 358531.82912412664 13706.596747022526 -20366.19487056214 925.9964272476489 -94455.48209592192 5902.069320212006 -82467.6145707579 2522.6035902944263 -133154.20416494063 -6904.318601953191 -119046.14543543827 
-15180.786146943883 13706.596747022519 637283.826721917 19272.72248377108 8243.236920463552 1961.4905951217954 -39177.244617569886 16986.329713367213 -30854.65737330949 17398.319245696042 638.802362633954 11990.033718063927 
4892.004409124487 -20366.194870562023 19272.722483771024 366561.3547178241 6335.054281528268 77618.61214135478 31623.011758702018 -83360.29706369767 18076.038295590643 -51101.9672432632 -16447.296463232524 61724.78591538918 
-7282.457293613857 925.9964272476282 8243.236920463552 6335.054281528264 517688.81688872975 -2431.4821287879995 -75749.37937767249 -4325.646094072465 -60809.398896232764 -5792.143437571093 1253.6318244647362 2560.59213192227 
17757.346516019014 -94455.48209592156 1961.4905951216087 77618.61214135474 -2431.4821287880163 516550.4812334368 -6340.433442568196 72468.2477100371 -9008.458496516832 -69003.82691140006 24062.6673807166 -67283.6801058044 
-8204.580750200636 5902.069320211969 -39177.244617569864 31623.011758702014 -75749.37937767249 -6340.4334425682855 575723.2657678028 -2214.0403335055084 -130865.2011497476 9082.129558477267 156.34828091442463 -7509.369619121203 
4305.456915443583 -82467.61457075772 16986.32971336711 -83360.29706369776 -4325.6460940724855 72468.24771003718 -2214.040333505461 257743.65732545324 10740.846936161675 -3005.4764869735563 -41452.62114072676 -19719.773742204645 
212.35669902294424 2522.603590294511 -30854.657373309496 18076.03829559063 -60809.39889623275 -9008.458496516758 -130865.20114974759 10740.846936161684 450597.5873442887 13250.943249114393 -10571.559185631808 18206.4881197949 
13814.964234079614 -133154.2041649414 17398.31924569627 -51101.96724326298 -5792.143437571098 -69003.82691139975 9082.129558477232 -3005.4764869735986 13250.9432491144 424445.8559697186 -15922.030702604887 -177323.53632748564 
-2197.400924764042 -6904.318601953016 638.8023626339462 -16447.296463232517 1253.6318244647393 24062.66738071658 156.34828091442205 -41452.62114072676 -10571.55918563182 -15922.030702605123 129960.20558541943 -8262.011737714074 
10007.302594740278 -119046.14543543787 11990.03371806386 61724.78591538912 2560.5921319222684 -67283.68010580435 -7509.369619121249 -19719.77374220443 18206.488119794998 -177323.53632748616 -8262.011737714109 265583.1535944875 
WEIGHT 0.09558996224703677
DETERMINANT 3.564194350570133e-64
ESPERANCE 0.00441569308636995 0.040152807025540985 0.003621099116569468 0.0097001883168817 0.005748791114665352 0.026003457697142164 0.006060382351421842 0.04764853689044581 0.008938196378888277 0.06986121953555449 0.012768284577444621 0.08196717811678994
INVERSE OF COVARIANT MATRIX
209513.63039726712 7743.068129239243 -17175.77132253593 1232.3430631240306 -9103.90706911935 12540.642233623677 -14749.139637150074 7617.853176052863 -7994.408366695478 5190.738059744133 -7519.726740303772 1751.9430611563503 
7743.068129239235 230337.39808964208 10527.176526977339 10203.375907788484 10668.599924007998 -82225.53674105772 12424.06944690507 -36558.666953029926 -639.7269401670601 -42158.04754531026 -8304.445009459037 -59976.175134026555 
-17175.77132253593 10527.176526977355 476749.3639514838 3512.26628069019 -1013.3615700555334 14124.367528273197 -13535.103224837143 2242.5567733459156 -19825.346256823825 -4148.602693831656 -13979.682605318283 7045.4219544601 
1232.343063124026 10203.37590778846 3512.266280690189 375128.48895150016 11734.609452345445 8605.452929344085 8240.810167739404 -40248.5937251702 4185.494289623594 33429.50839402023 4618.896423751397 18660.175380221695 
-9103.907069119341 10668.599924007984 -1013.3615700555275 11734.609452345441 353937.7038781124 15828.079874662211 -39498.301565773065 -6102.89210833164 -606.7123696222632 -3174.2535604003406 -912.1676645120255 -12971.073813023799 
12540.642233623696 -82225.53674105772 14124.367528273226 8605.452929344085 15828.079874662195 293706.2812721732 18.059517377628442 60097.88282839213 6491.985029629857 -53792.33274635953 -5978.480593515635 -35324.36650171707 
-14749.13963715007 12424.069446905047 -13535.103224837136 8240.810167739406 -39498.301565773065 18.059517377652195 421250.71723489196 -5121.590680667277 -72764.84231013244 1971.6826395305968 -11107.406675668048 -6376.105268659288 
7617.853176052866 -36558.66695302995 2242.5567733459206 -40248.59372517019 -6102.892108331643 60097.88282839214 -5121.590680667286 109237.36912423852 -918.0210900516063 -7354.044483055335 -13213.542032555826 -14942.525595523945 
-7994.40836669548 -639.7269401670392 -19825.34625682383 4185.494289623596 -606.7123696222645 6491.9850296298355 -72764.8423101324 -918.0210900516116 249620.93311381913 3083.3594554213632 -39051.98937430823 9541.661556075675 
5190.73805974409 -42158.04754531058 -4148.602693831658 33429.50839402019 -3174.2535604003633 -53792.3327463594 1971.6826395305814 -7354.044483055289 3083.3594554213755 184963.54666111848 3662.835734142234 -66960.04914215497 
-7519.726740303772 -8304.445009459036 -13979.682605318274 4618.896423751393 -912.1676645120237 -5978.480593515637 -11107.406675668051 -13213.542032555826 -39051.98937430823 3662.8357341422225 115205.90769910654 3109.065130397121 
1751.9430611563632 -59976.17513402633 7045.421954460095 18660.175380221728 -12971.073813023788 -35324.3665017172 -6376.105268659278 -14942.52559552399 9541.661556075673 -66960.04914215504 3109.0651303971135 116422.46237080228 
