NUMBER_OF_DIMENSION 12
CUTOFF_RADIUS 5.
STEINHARDT_STYLE Multi
AVE_STYLE Multi
ATOM_TYPE Al
NUMBER_OF_CLUSTER 1
WEIGHT 0.25973347972759775
DETERMINANT 3.792975321753861e-62
ESPERANCE 0.011411567735306442 0.008689122281184618 0.006155787544653717 0.010121841753982473 0.006894391645395121 0.011864320460314862 0.009831981460224197 0.020574562265100082 0.010915549266875825 0.01805573851416127 0.012489202480862162 0.02441030432859532
INVERSE OF COVARIANT MATRIX
38994.24637354527 -1065.0646161640395 -5557.018996613045 -566.5069773637432 -2489.1044575984974 -1030.0980661764797 -3204.898496488608 -204.44852379003254 -2759.4008890527457 -591.922433038715 -1102.0891026559034 -1977.8238769704046 
-1065.064616164039 112684.70422028171 -5403.681514648577 -1630.0276320605446 -5312.2712909094025 -7240.093698561178 -5832.097874672182 -939.6225180695596 -3818.960757021939 -3658.0866244743916 -1143.0847341508616 -376.1000496841488 
-5557.018996613046 -5403.681514648577 252048.38064652498 -2040.6429073922657 -10421.364357779912 -6935.458645794331 -7349.283844431439 -169.90720083206847 -9116.409636161641 -7074.26256478749 -4503.363267803033 1078.002676444421 
-566.5069773637435 -1630.0276320605435 -2040.6429073922654 146474.87959901386 -6770.9366452154545 -6939.74184937319 -375.4502487047326 -3584.802409504687 -895.5425875053955 -3517.787868807961 -2746.847714219113 -7777.084174850048 
-2489.1044575984974 -5312.2712909094 -10421.36435777992 -6770.936645215459 294912.8566523897 -16323.94697002795 -13423.595833026593 1541.67421116858 -5514.242120370127 -7927.834676504992 -8889.60358361871 -2067.3027020067716 
-1030.09806617648 -7240.093698561181 -6935.458645794328 -6939.741849373191 -16323.946970027948 139737.55044269885 -10702.42404687073 -2120.7250888999906 -7741.806077633982 -4353.608360068017 -5870.115151823288 -2547.0567173028853 
-3204.898496488608 -5832.097874672181 -7349.283844431438 -375.4502487047314 -13423.59583302659 -10702.424046870728 217996.9758311082 -4020.3718986217564 -9994.000928166626 -3810.061784860925 -8712.303454369438 -2714.8900568367526 
-204.44852379003243 -939.6225180695598 -169.90720083206827 -3584.802409504685 1541.67421116858 -2120.7250888999906 -4020.3718986217564 63269.581411633495 -3344.707082087361 -812.0679796701587 -3580.8880959841645 -9935.810833150093 
-2759.4008890527452 -3818.960757021938 -9116.40963616164 -895.5425875053951 -5514.242120370125 -7741.806077633983 -9994.000928166626 -3344.707082087359 227280.81288004632 -8976.837989183885 -11484.488843653971 -1438.8509872799166 
-591.9224330387142 -3658.0866244743884 -7074.262564787493 -3517.7878688079613 -7927.834676504993 -4353.608360068018 -3810.061784860926 -812.0679796701587 -8976.837989183885 101409.26443311355 -6856.470969830439 359.87328319052983 
-1102.089102655904 -1143.084734150862 -4503.3632678030335 -2746.8477142191146 -8889.603583618706 -5870.115151823289 -8712.303454369438 -3580.8880959841645 -11484.48884365397 -6856.470969830439 210686.65512565698 -3541.464113591271 
-1977.823876970404 -376.10004968414864 1078.0026764444206 -7777.084174850049 -2067.302702006774 -2547.056717302885 -2714.8900568367512 -9935.810833150097 -1438.8509872799161 359.87328319052995 -3541.4641135912707 66255.83680011652 
ATOM_TYPE O
NUMBER_OF_CLUSTER 1
WEIGHT 0.25815116541902167
DETERMINANT 3.5310082925838983e-62
ESPERANCE 0.01120478491122746 0.008602129901286015 0.006242652476971627 0.010212967141253452 0.006904932666279063 0.011970602092820607 0.00980792447676805 0.020242638047389384 0.010883427008356109 0.017936074858634327 0.012419916948898808 0.024336066261255947
INVERSE OF COVARIANT MATRIX
40975.20047445051 -1376.6462888104995 -2759.765543620235 -1318.5522113928998 -2329.981685814729 -1965.6163150368907 -4152.677565131759 -157.66503562800065 -3412.6404837261493 -1397.6522034675972 -1739.5776783265644 -2014.562324948285 
-1376.646288810499 114340.9310828337 -3854.1660565462034 -151.46796897149795 -3985.684350840058 -9199.419907349484 -4843.433049176106 -877.9645711351856 -4960.800498741847 -4388.028248355104 -2050.836635507908 406.45383672342865 
-2759.765543620236 -3854.166056546206 250245.59837235845 -3612.953727483701 -10927.093754702186 -6410.068396138356 -7156.201502606965 -339.607334850012 -6328.457368813684 -9021.604727676104 -3357.924464888772 -718.6283030212297 
-1318.5522113928987 -151.46796897149832 -3612.9537274837026 145393.83119631023 -6612.612179497491 -8576.999360067122 -5891.48090472909 -3662.745184354142 -267.0181936887988 -4231.007725345903 -6600.347166031291 -6385.794460969361 
-2329.981685814729 -3985.684350840057 -10927.093754702188 -6612.612179497494 293468.1489418663 -14891.463972141682 -15019.991371828151 -1671.3543305638057 -12541.515437502578 -7426.5207491479005 -10911.819846182516 -53.06806661498765 
-1965.6163150368927 -9199.419907349484 -6410.068396138359 -8576.999360067124 -14891.463972141688 136974.03094632644 -11218.14040592273 -4165.529274848595 -6762.634080642401 -4756.753803414846 -4387.198779514267 -4336.167812202583 
-4152.677565131758 -4843.433049176108 -7156.201502606959 -5891.480904729088 -15019.99137182815 -11218.140405922733 220011.68754528 -1754.1680677319898 -9963.93103693171 -3296.16406146276 -9980.816358086817 -4367.721763483212 
-157.66503562800037 -877.9645711351856 -339.607334850013 -3662.745184354143 -1671.3543305638052 -4165.529274848596 -1754.1680677319914 65582.18814091249 -2478.649641993661 -1037.180373240845 495.8542989296751 -9931.254216973031 
-3412.64048372615 -4960.800498741849 -6328.457368813688 -267.0181936887999 -12541.51543750257 -6762.634080642405 -9963.931036931708 -2478.6496419936616 226420.1057006444 -6818.1917425063 -11993.39102304663 -2710.2677268346683 
-1397.652203467599 -4388.028248355105 -9021.6047276761 -4231.007725345905 -7426.5207491479005 -4756.753803414847 -3296.1640614627586 -1037.1803732408453 -6818.191742506302 100411.81342158359 -9251.497723732251 -182.6148281171421 
-1739.577678326564 -2050.836635507907 -3357.9244648887734 -6600.347166031289 -10911.819846182518 -4387.198779514268 -9980.816358086819 495.85429892967545 -11993.391023046626 -9251.497723732251 213808.56089899837 -5292.151732127494 
-2014.5623249482853 406.45383672342894 -718.6283030212297 -6385.7944609693595 -53.068066614988325 -4336.167812202586 -4367.72176348321 -9931.254216973031 -2710.2677268346683 -182.61482811714217 -5292.151732127494 67192.73316427876 
